10
5
245 371 378 379 534 
10
245 371 378 379 534 1505 2140 2506 2536 2609 
15
245 371 378 379 534 1505 2140 2506 2536 2609 2917 3053 3378 3917 4666 
20
245 371 378 379 534 1505 2140 2506 2536 2609 2917 3053 3378 3917 4666 4805 4850 5679 6103 6438 
25
245 371 378 379 534 1505 2140 2506 2536 2609 2917 3053 3378 3917 4666 4805 4850 5679 6103 6438 6463 6541 7488 7493 8180 
30
245 371 378 379 534 1505 2140 2506 2536 2609 2917 3053 3378 3917 4666 4805 4850 5679 6103 6438 6463 6541 7488 7493 8180 9247 10013 11219 11775 13720 
35
245 371 378 379 534 1505 2140 2506 2536 2609 2917 3053 3378 3917 4666 4805 4850 5679 6103 6438 6463 6541 7488 7493 8180 9247 10013 11219 11775 13720 14478 14484 16321 16334 16648 
40
245 371 378 379 534 1505 2140 2506 2536 2609 2917 3053 3378 3917 4666 4805 4850 5679 6103 6438 6463 6541 7488 7493 8180 9247 10013 11219 11775 13720 14478 14484 16321 16334 16648 18236 18350 18711 18862 18910 
45
245 371 378 379 534 1505 2140 2506 2536 2609 2917 3053 3378 3917 4666 4805 4850 5679 6103 6438 6463 6541 7488 7493 8180 9247 10013 11219 11775 13720 14478 14484 16321 16334 16648 18236 18350 18711 18862 18910 19006 20032 24917 26091 26379 
50
245 371 378 379 534 1505 2140 2506 2536 2609 2917 3053 3378 3917 4666 4805 4850 5679 6103 6438 6463 6541 7488 7493 8180 9247 10013 11219 11775 13720 14478 14484 16321 16334 16648 18236 18350 18711 18862 18910 19006 20032 24917 26091 26379 26407 26906 28445 29562 33385 
0.000000
0.000000
0.000000
0.000000
0.000000
0.000000
0.000000
0.000000
0.000000
0.000000
