10
5
6 11 24 36 122 
10
6 11 24 36 122 173 310 312 457 600 
15
6 11 24 36 122 173 310 312 457 600 722 737 766 784 789 
20
6 11 24 36 122 173 310 312 457 600 722 737 766 784 789 813 988 993 1098 1133 
25
6 11 24 36 122 173 310 312 457 600 722 737 766 784 789 813 988 993 1098 1133 1166 1210 1496 1542 2237 
30
6 11 24 36 122 173 310 312 457 600 722 737 766 784 789 813 988 993 1098 1133 1166 1210 1496 1542 2237 2256 2328 2485 2651 2658 
35
6 11 24 36 122 173 310 312 457 600 722 737 766 784 789 813 988 993 1098 1133 1166 1210 1496 1542 2237 2256 2328 2485 2651 2658 2688 2871 2972 3032 3447 
40
6 11 24 36 122 173 310 312 457 600 722 737 766 784 789 813 988 993 1098 1133 1166 1210 1496 1542 2237 2256 2328 2485 2651 2658 2688 2871 2972 3032 3447 3449 3614 3641 3642 3787 
45
6 11 24 36 122 173 310 312 457 600 722 737 766 784 789 813 988 993 1098 1133 1166 1210 1496 1542 2237 2256 2328 2485 2651 2658 2688 2871 2972 3032 3447 3449 3614 3641 3642 3787 4045 4310 4948 4967 5079 
50
6 11 24 36 122 173 310 312 457 600 722 737 766 784 789 813 988 993 1098 1133 1166 1210 1496 1542 2237 2256 2328 2485 2651 2658 2688 2871 2972 3032 3447 3449 3614 3641 3642 3787 4045 4310 4948 4967 5079 5188 5189 5697 5800 5802 
0.000000
0.000000
0.000000
0.000000
0.000000
0.000000
0.000000
0.000000
0.000000
0.000000
