10
5
3 103 310 340 362 
10
3 103 310 340 362 383 479 516 687 802 
15
3 103 310 340 362 383 479 516 687 802 807 831 928 1024 1071 
20
3 103 310 340 362 383 479 516 687 802 807 831 928 1024 1071 1190 1431 1489 1490 1845 
25
3 103 310 340 362 383 479 516 687 802 807 831 928 1024 1071 1190 1431 1489 1490 1845 2316 2525 2538 2632 2673 
30
3 103 310 340 362 383 479 516 687 802 807 831 928 1024 1071 1190 1431 1489 1490 1845 2316 2525 2538 2632 2673 2686 2782 3424 4718 8745 
35
3 103 310 340 362 383 479 516 687 802 807 831 928 1024 1071 1190 1431 1489 1490 1845 2316 2525 2538 2632 2673 2686 2782 3424 4718 8745 20363 21170 21472 27543 27801 
40
3 103 310 340 362 383 479 516 687 802 807 831 928 1024 1071 1190 1431 1489 1490 1845 2316 2525 2538 2632 2673 2686 2782 3424 4718 8745 20363 21170 21472 27543 27801 27836 44005 105477 108623 110104 
45
3 103 310 340 362 383 479 516 687 802 807 831 928 1024 1071 1190 1431 1489 1490 1845 2316 2525 2538 2632 2673 2686 2782 3424 4718 8745 20363 21170 21472 27543 27801 27836 44005 105477 108623 110104 110194 115240 115673 280435 357530 
50
3 103 310 340 362 383 479 516 687 802 807 831 928 1024 1071 1190 1431 1489 1490 1845 2316 2525 2538 2632 2673 2686 2782 3424 4718 8745 20363 21170 21472 27543 27801 27836 44005 105477 108623 110104 110194 115240 115673 280435 357530 663930 664788 682733 683703 697671 
0.000000
0.000000
0.000000
0.000000
0.000000
0.000000
0.000000
0.000000
0.000000
0.000000
