10
5
245 384 748 1034 1095 
10
245 384 748 1034 1095 1502 2536 2609 2917 4805 
15
245 384 748 1034 1095 1502 2536 2609 2917 4805 4850 4865 6427 6438 6500 
20
245 384 748 1034 1095 1502 2536 2609 2917 4805 4850 4865 6427 6438 6500 7488 8178 8180 8206 8767 
25
245 384 748 1034 1095 1502 2536 2609 2917 4805 4850 4865 6427 6438 6500 7488 8178 8180 8206 8767 10439 10446 10493 10884 11853 
30
245 384 748 1034 1095 1502 2536 2609 2917 4805 4850 4865 6427 6438 6500 7488 8178 8180 8206 8767 10439 10446 10493 10884 11853 14478 14860 16321 17030 17375 
35
245 384 748 1034 1095 1502 2536 2609 2917 4805 4850 4865 6427 6438 6500 7488 8178 8180 8206 8767 10439 10446 10493 10884 11853 14478 14860 16321 17030 17375 18500 18711 18862 19006 19517 
40
245 384 748 1034 1095 1502 2536 2609 2917 4805 4850 4865 6427 6438 6500 7488 8178 8180 8206 8767 10439 10446 10493 10884 11853 14478 14860 16321 17030 17375 18500 18711 18862 19006 19517 19964 20032 20407 21579 23645 
45
245 384 748 1034 1095 1502 2536 2609 2917 4805 4850 4865 6427 6438 6500 7488 8178 8180 8206 8767 10439 10446 10493 10884 11853 14478 14860 16321 17030 17375 18500 18711 18862 19006 19517 19964 20032 20407 21579 23645 24499 25602 25817 26091 26869 
50
245 384 748 1034 1095 1502 2536 2609 2917 4805 4850 4865 6427 6438 6500 7488 8178 8180 8206 8767 10439 10446 10493 10884 11853 14478 14860 16321 17030 17375 18500 18711 18862 19006 19517 19964 20032 20407 21579 23645 24499 25602 25817 26091 26869 28387 28940 29189 29562 30106 
0.000000
0.000000
0.000000
0.000000
0.000000
0.000000
0.000000
0.000000
0.000000
0.000000
