10
5
6 11 20 24 47 
10
6 11 20 24 47 72 173 254 308 312 
15
6 11 20 24 47 72 173 254 308 312 319 328 407 457 689 
20
6 11 20 24 47 72 173 254 308 312 319 328 407 457 689 722 766 813 993 1133 
25
6 11 20 24 47 72 173 254 308 312 319 328 407 457 689 722 766 813 993 1133 1166 1204 1395 1492 1496 
30
6 11 20 24 47 72 173 254 308 312 319 328 407 457 689 722 766 813 993 1133 1166 1204 1395 1492 1496 1542 1585 1623 1875 2256 
35
6 11 20 24 47 72 173 254 308 312 319 328 407 457 689 722 766 813 993 1133 1166 1204 1395 1492 1496 1542 1585 1623 1875 2256 2312 2473 2651 2658 2688 
40
6 11 20 24 47 72 173 254 308 312 319 328 407 457 689 722 766 813 993 1133 1166 1204 1395 1492 1496 1542 1585 1623 1875 2256 2312 2473 2651 2658 2688 2717 2871 3172 3447 3498 
45
6 11 20 24 47 72 173 254 308 312 319 328 407 457 689 722 766 813 993 1133 1166 1204 1395 1492 1496 1542 1585 1623 1875 2256 2312 2473 2651 2658 2688 2717 2871 3172 3447 3498 3615 3674 4967 5079 5189 
50
6 11 20 24 47 72 173 254 308 312 319 328 407 457 689 722 766 813 993 1133 1166 1204 1395 1492 1496 1542 1585 1623 1875 2256 2312 2473 2651 2658 2688 2717 2871 3172 3447 3498 3615 3674 4967 5079 5189 5800 5802 5920 6460 6618 
0.000000
0.000000
0.000000
0.000000
0.000000
0.000000
0.000000
0.000000
0.000000
0.000000
