10
5
21 362 383 479 516 
10
21 362 383 479 516 722 802 807 831 838 
15
21 362 383 479 516 722 802 807 831 838 862 880 928 1069 1071 
20
21 362 383 479 516 722 802 807 831 838 862 880 928 1069 1071 1190 1243 1273 1431 1489 
25
21 362 383 479 516 722 802 807 831 838 862 880 928 1069 1071 1190 1243 1273 1431 1489 2245 2632 2686 3101 3491 
30
21 362 383 479 516 722 802 807 831 838 862 880 928 1069 1071 1190 1243 1273 1431 1489 2245 2632 2686 3101 3491 3578 4613 4718 4735 4897 
35
21 362 383 479 516 722 802 807 831 838 862 880 928 1069 1071 1190 1243 1273 1431 1489 2245 2632 2686 3101 3491 3578 4613 4718 4735 4897 5701 6510 8874 20422 26084 
40
21 362 383 479 516 722 802 807 831 838 862 880 928 1069 1071 1190 1243 1273 1431 1489 2245 2632 2686 3101 3491 3578 4613 4718 4735 4897 5701 6510 8874 20422 26084 27836 69853 106990 115240 268336 
45
21 362 383 479 516 722 802 807 831 838 862 880 928 1069 1071 1190 1243 1273 1431 1489 2245 2632 2686 3101 3491 3578 4613 4718 4735 4897 5701 6510 8874 20422 26084 27836 69853 106990 115240 268336 663930 678518 681307 682733 683703 
50
21 362 383 479 516 722 802 807 831 838 862 880 928 1069 1071 1190 1243 1273 1431 1489 2245 2632 2686 3101 3491 3578 4613 4718 4735 4897 5701 6510 8874 20422 26084 27836 69853 106990 115240 268336 663930 678518 681307 682733 683703 686284 693313 697671 697952 1024067 
0.000000
0.000000
0.000000
0.000000
0.000000
0.000000
0.000000
0.000000
0.000000
0.000000
