10
5
379 725 2536 4805 7488 
10
379 725 2536 4805 7488 7493 8180 11208 11212 11775 
15
379 725 2536 4805 7488 7493 8180 11208 11212 11775 12853 12873 14560 15984 16321 
20
379 725 2536 4805 7488 7493 8180 11212 11775 12853 12873 14560 15984 16321 16334 16648 17631 17963 18236 18350 
25
379 725 2536 4805 7488 7493 8180 11208 11212 11775 12853 12873 14560 15984 16321 16334 16648 17631 17963 18236 18350 18711 18713 18862 18910 
30
379 725 2536 4805 7488 7493 8180 11208 11212 11775 12853 12873 14560 15984 16321 16334 16648 17631 17963 18236 18350 18711 18713 18862 18910 19006 19964 21577 22059 22283 
35
379 725 2536 4805 7488 7493 8180 11208 11212 11775 12853 12873 14560 15984 16321 16334 16648 17631 17963 18236 18350 18711 18713 18862 18910 19006 19964 21577 22059 22283 24214 24917 25602 26045 26091 
40
379 725 2536 4805 7488 7493 8180 11208 11212 11775 12853 12873 14560 15984 16321 16334 16648 17631 17963 18236 18350 18711 18713 18862 18910 19006 19964 21577 22059 22283 24214 24917 25602 26045 26091 26407 26871 26906 27345 27718 
45
379 725 2536 4805 7488 7493 8180 11208 11212 11775 12853 12873 14560 15984 16321 16334 16648 17631 17963 18236 18350 18711 18713 18862 18910 19006 19964 21577 22059 22283 24214 24917 25602 26045 26091 26407 26871 26906 27345 27718 28093 28121 28445 29189 29562 
50
379 725 2536 4805 7488 7493 8180 11208 11212 11775 12853 12873 14560 15984 16321 16334 16648 17631 17963 18236 18350 18711 18713 18862 18910 19006 19964 21577 22059 22283 24214 24917 25602 26045 26091 26407 26871 26906 27345 27718 28093 28121 28445 29189 29562 29785 30528 30742 33385 33600 
0.946514
0.957299
0.963145
0.966978
0.951858
0.957951
0.962482
0.966480
0.968580
0.970027
