10
5
3 21 103 362 383 
10
3 21 103 362 383 479 516 687 802 807 
15
3 21 103 362 383 479 516 687 802 807 831 928 1024 1071 1190 
20
3 21 103 362 383 479 516 687 802 807 831 928 1024 1071 1190 1431 1489 1490 1983 2632 
25
3 21 103 362 383 479 516 687 802 807 831 928 1024 1071 1190 1431 1489 1490 1983 2632 2686 4718 5995 8745 20011 
30
3 21 103 362 383 479 516 687 802 807 831 928 1024 1071 1190 1431 1489 1490 1983 2632 2686 4718 5995 8745 20011 20024 20363 20921 21472 23840 
35
3 21 103 362 383 479 516 687 802 807 831 928 1024 1071 1190 1431 1489 1490 1983 2632 2686 4718 5995 8745 20011 20024 20363 20921 21472 23840 26084 27836 108601 108623 110104 
40
3 21 103 362 383 479 516 687 802 807 831 928 1024 1071 1190 1431 1489 1490 1983 2632 2686 4718 5995 8745 20011 20024 20363 20921 21472 23840 26084 27836 108601 108623 110104 110194 115673 268336 280435 663608 
45
3 21 103 362 383 479 516 687 802 807 831 928 1024 1071 1190 1431 1489 1490 1983 2632 2686 4718 5995 8745 20011 20024 20363 20921 21472 23840 26084 27836 108601 108623 110104 110194 115673 268336 280435 663608 663930 664788 666985 668898 678518 
50
3 21 103 362 383 479 516 687 802 807 831 928 1024 1071 1190 1431 1489 1490 1983 2632 2686 4718 5995 8745 20011 20024 20363 20921 21472 23840 26084 27836 108601 108623 110104 110194 115673 268336 280435 663608 663930 664788 666985 668898 678518 682733 683703 693313 697671 1024067 
0.909890
0.915233
0.921861
0.925416
0.928235
0.930895
0.934020
0.936608
0.938236
0.941602
