10
5
245 379 534 2506 2536 
10
245 379 534 2506 2536 2917 3917 4666 4805 4850 
15
245 379 534 2506 2536 2917 3917 4666 4805 4850 6438 6463 7488 7493 8180 
20
245 379 534 2140 2506 2536 2917 3053 3917 4666 4805 4850 6438 6463 7488 7493 8180 11775 12873 13720 
25
245 379 534 2140 2506 2536 2917 3053 3917 4666 4805 4850 6438 6463 7488 7493 8180 11775 12873 13720 14478 14484 16321 16334 16648 
30
245 379 534 2140 2506 2536 2917 3053 3917 4666 4805 4850 6438 6463 7488 7493 8180 11775 12873 13720 14478 14484 16321 16334 16648 17790 18110 18236 18350 18500 
35
245 379 534 2140 2506 2536 2917 3053 3917 4666 4805 4850 6438 6463 7488 7493 8180 11775 12873 13720 14478 14484 16321 16334 16648 17790 18110 18236 18350 18500 18711 18862 19006 20032 20040 
40
245 379 534 2140 2506 2536 2917 3053 3917 4666 4805 4850 6438 6463 7488 7493 8180 11775 12873 13720 14478 14484 16321 16334 16648 17790 18110 18236 18350 18500 18711 18862 19006 20032 20040 20925 24917 24923 25742 26091 
45
245 379 534 2140 2506 2536 2917 3053 3917 4666 4805 4850 6438 6463 7488 7493 8180 11775 12873 13720 14478 14484 16321 16334 16648 17790 18110 18236 18350 18500 18711 18862 19006 20032 20040 20925 24917 24923 25742 26091 26407 26906 27345 27522 28418 
50
245 379 534 2506 2536 2917 3917 4666 4805 4850 6438 6463 7488 7493 8180 10013 10884 11775 12320 12873 13720 14478 14484 16321 16334 16648 17963 18236 18350 18398 18500 18711 18862 18910 19006 20032 20054 20925 24917 24923 26091 26379 26407 26906 27345 27522 28418 28445 29562 33385 
0.644000
0.663512
0.658097
0.653935
0.663643
0.666211
0.665216
0.666835
0.672072
0.676304
