10
5
379 725 7488 7493 10884 
10
379 725 7488 7493 10884 11212 11226 11775 12853 12873 
15
379 725 7488 7493 10884 11212 11226 11775 12853 12873 15984 16321 16334 16648 17631 
20
379 725 7488 7493 10884 11212 11226 11775 12853 12873 15984 16321 16334 16648 17631 17963 18236 18350 18862 18910 
25
379 725 7488 7493 10884 11212 11226 11775 12853 12873 15984 16321 16334 16648 17631 17963 18236 18350 18862 18910 19006 20032 20040 20085 21027 
30
379 725 7488 7493 10884 11212 11226 11775 12853 12873 15984 16321 16334 16648 17631 17963 18236 18350 18862 18910 19006 20032 20040 20085 21027 24214 24857 24917 24923 25237 
35
379 725 7488 7493 10884 11212 11226 11775 12853 12873 15984 16321 16334 16648 17631 17963 18236 18350 18862 18910 19006 20032 20040 20085 21027 24214 24857 24917 24923 25237 26045 26091 26407 26906 27345 
40
379 725 7488 7493 10884 11212 11226 11775 12853 12873 15984 16321 16334 16648 17631 17963 18236 18350 18862 18910 19006 20032 20040 20085 21027 24214 24857 24917 24923 25237 26045 26091 26407 26906 27345 27525 28093 28121 28150 28445 
45
379 725 7488 7493 10884 11212 11226 11775 12853 12873 15984 16321 16334 16648 17631 17963 18236 18350 18862 18910 19006 20032 20040 20085 21027 24214 24857 24917 24923 25237 26045 26091 26407 26906 27345 27525 28093 28121 28150 28445 29189 29778 29785 30106 30528 
50
379 725 7488 7493 10884 11212 11226 11775 12853 12873 15984 16321 16334 16648 17631 17963 18236 18350 18862 18910 19006 20032 20040 20085 21027 24214 24857 24917 24923 25237 26045 26091 26407 26906 27345 27525 28093 28121 28150 28445 29189 29778 29785 30106 30528 30742 33385 33600 34233 34241 
1.000000
1.000000
1.000000
1.000000
1.000000
1.000000
1.000000
1.000000
1.000000
1.000000
