10
5
6 8 11 20 24 
10
6 8 11 14 20 24 26 29 47 173 
15
6 8 11 20 24 26 29 47 87 109 173 310 312 319 457 
20
6 8 11 14 20 24 26 29 47 173 310 312 317 457 600 722 737 766 789 813 
25
6 8 11 14 20 24 26 29 47 173 310 312 317 457 600 722 737 766 789 813 988 993 1098 1133 1166 
30
6 8 11 14 20 24 26 29 47 173 310 312 317 457 600 722 737 766 789 813 988 993 1098 1133 1166 1395 1542 1772 2256 2651 
35
6 8 11 14 20 24 26 29 47 173 310 312 317 457 600 722 737 766 789 813 988 993 1098 1133 1166 1395 1542 1772 2256 2651 2658 2688 2790 2871 2972 
40
6 8 11 20 24 26 29 47 87 109 173 310 312 319 457 546 766 784 789 813 988 993 1098 1133 1166 1210 1395 1922 2237 2256 2485 2651 2658 2688 2871 2972 3032 3449 3641 3642 
45
6 8 11 14 20 24 26 29 47 173 310 312 317 457 600 722 737 766 789 813 988 993 1098 1133 1166 1395 1542 1772 2256 2651 2658 2688 2790 2871 2972 3447 3642 3976 4310 4828 4967 5022 5079 5185 5189 
50
6 8 11 14 20 24 26 29 47 173 310 312 317 457 600 722 737 766 789 813 988 993 1098 1133 1166 1395 1542 1772 2256 2651 2658 2688 2790 2871 2972 3447 3642 3976 4310 4828 4967 5022 5079 5185 5189 5655 5800 5802 6596 7047 
0.543130
0.541464
0.546454
0.540600
0.547233
0.553983
0.562458
0.568256
0.573804
0.586726
