10
5
11 24 36 68 122 
10
11 24 36 68 122 173 306 310 311 457 
15
11 24 36 68 122 173 306 310 311 457 600 722 737 766 784 
20
11 24 36 68 122 173 306 310 311 457 600 722 737 766 784 789 813 988 993 1151 
25
11 24 36 68 122 173 306 310 311 457 600 722 737 766 784 789 813 988 993 1151 1166 1210 1305 1374 1542 
30
11 24 36 68 122 173 306 310 311 457 600 722 737 766 784 789 813 988 993 1151 1166 1210 1305 1374 1542 1549 2237 2326 2328 2485 
35
11 24 36 68 122 173 306 310 311 457 600 722 737 766 784 789 813 988 993 1151 1166 1210 1305 1374 1542 1549 2237 2326 2328 2485 2565 2688 2871 2972 3032 
40
11 24 36 68 122 173 306 310 311 457 600 722 737 766 784 789 813 988 993 1151 1166 1210 1305 1374 1542 1549 2237 2326 2328 2485 2565 2688 2871 2972 3032 3352 3447 3449 3453 3456 
45
11 24 36 68 122 173 306 310 311 457 600 722 737 766 784 789 813 988 993 1151 1166 1210 1305 1374 1542 1549 2237 2326 2328 2485 2565 2688 2871 2972 3032 3352 3447 3449 3453 3456 3642 4632 4948 5079 5179 
50
11 24 36 68 122 173 306 310 311 457 600 722 737 766 784 789 813 988 993 1151 1166 1210 1305 1374 1542 1549 2237 2326 2328 2485 2565 2688 2871 2972 3032 3352 3447 3449 3453 3456 3642 4632 4948 5079 5179 5189 5531 5697 5800 5802 
0.000000
0.000000
0.000000
0.000000
0.000000
0.000000
0.000000
0.000000
0.000000
0.000000
