10
5
8 11 14 20 24 
10
8 11 14 20 24 25 29 47 68 87 
15
8 11 14 20 24 28 29 36 47 68 173 306 310 311 457 
20
8 11 14 20 24 28 29 36 47 68 173 306 310 311 457 722 737 766 789 993 
25
8 11 14 20 24 28 29 36 47 68 173 306 310 311 457 722 737 766 789 993 1006 1029 1151 1166 1305 
30
8 11 14 20 24 28 29 36 47 68 173 306 310 311 457 722 737 766 789 993 1006 1029 1151 1166 1305 1374 1549 1615 2565 2688 
35
8 11 14 20 24 28 29 36 47 68 173 306 310 311 457 722 737 766 789 993 1006 1029 1151 1166 1305 1374 1549 1615 2565 2688 2871 2972 3028 3352 3447 
40
8 11 14 20 24 28 29 36 47 68 173 306 310 311 457 722 737 766 789 993 1006 1029 1151 1166 1305 1374 1549 1615 2565 2688 2871 2972 3028 3352 3447 3453 3456 3642 3976 4828 
45
8 11 14 20 24 28 29 36 47 68 173 306 310 311 457 722 737 766 789 993 1006 1029 1151 1166 1305 1374 1549 1615 2565 2688 2871 2972 3028 3352 3447 3453 3456 3642 3976 4828 5022 5079 5189 5697 5800 
50
8 11 14 20 24 28 29 36 47 68 173 306 310 311 457 722 737 766 789 993 1006 1029 1151 1166 1305 1374 1549 1615 2565 2688 2871 2972 3028 3352 3447 3453 3456 3642 3976 4828 5022 5079 5189 5697 5800 5802 6596 6946 7047 7086 
0.390479
0.312586
0.303967
0.312232
0.312609
0.325091
0.336028
0.351190
0.361255
0.372422
