thread nodes time
2032 0 220.996094
2033 1631 220.996094
2034 0 220.996094
2035 0 220.996094
2036 1658 220.996094
2037 0 220.996094
2038 2 220.996094
2039 2 220.996094
2040 1663 220.996094
2041 0 220.996094
2042 0 220.996094
2043 0 220.996094
2044 1652 220.996094
2045 0 220.996094
2046 0 220.996094
2047 1673 220.996094
2080 0 220.996094
2081 0 220.996094
2082 0 220.996094
2083 0 220.996094
2084 1643 220.996094
2085 0 220.996094
2086 1 220.996094
2087 2 220.996094
2088 0 220.996094
2089 0 220.996094
2090 1 220.996094
2091 1 220.996094
2092 1656 220.996094
2093 2 220.996094
2094 0 220.996094
2095 0 220.996094
1920 0 268.269348
1921 1600 268.269348
1922 1609 268.269348
1923 0 268.269348
1924 1603 268.269348
1925 2 268.269348
1926 0 268.269348
1927 3 268.269348
1928 2 268.269348
1929 1658 268.269348
1930 1 268.269348
1931 0 268.269348
1932 2 268.269348
1933 1 268.269348
1934 1656 268.269348
1935 0 268.269348
1968 1665 268.269348
1969 0 268.269348
1970 0 268.269348
1971 3280 268.269348
1972 0 268.269348
1973 0 268.269348
1974 0 268.269348
1975 4 268.269348
1976 1 268.269348
1977 1 268.269348
1978 0 268.269348
1979 1698 268.269348
1980 0 268.269348
1981 1 268.269348
1982 0 268.269348
1983 0 268.269348
2016 0 274.952087
2017 1 274.952087
2018 2 274.952087
2019 0 274.952087
2020 0 274.952087
2021 0 274.952087
2022 0 274.952087
2023 1 274.952087
2024 1666 274.952087
2025 1 274.952087
2026 0 274.952087
2027 3 274.952087
2028 1632 274.952087
2029 0 274.952087
2030 1527 274.952087
2031 0 274.952087
2064 1577 274.952087
2065 0 274.952087
2066 1675 274.952087
2067 3302 274.952087
2068 2 274.952087
2069 1 274.952087
2070 1652 274.952087
2071 1613 274.952087
2072 0 274.952087
2073 0 274.952087
2074 0 274.952087
2075 0 274.952087
2076 0 274.952087
2077 0 274.952087
2078 1 274.952087
2079 0 274.952087
1568 0 296.772675
1569 2 296.772675
1570 1649 296.772675
1571 1617 296.772675
1572 0 296.772675
1573 0 296.772675
1574 0 296.772675
1575 0 296.772675
1576 4 296.772675
1577 0 296.772675
1578 0 296.772675
1579 0 296.772675
1580 0 296.772675
1581 1 296.772675
1582 1606 296.772675
1583 0 296.772675
1616 0 296.772675
1617 1 296.772675
1618 0 296.772675
1619 6 296.772675
1620 5029 296.772675
1621 3315 296.772675
1622 1610 296.772675
1623 1615 296.772675
1624 0 296.772675
1625 0 296.772675
1626 0 296.772675
1627 11 296.772675
1628 0 296.772675
1629 0 296.772675
1630 0 296.772675
1631 0 296.772675
2144 1603 310.808838
2145 0 310.808838
2146 0 310.808838
2147 0 310.808838
2148 0 310.808838
2149 0 310.808838
2150 1638 310.808838
2151 1614 310.808838
2152 3288 310.808838
2153 0 310.808838
2154 1 310.808838
2155 1629 310.808838
2156 0 310.808838
2157 1 310.808838
2158 1652 310.808838
2159 1 310.808838
2192 3322 310.808838
2193 0 310.808838
2194 0 310.808838
2195 1712 310.808838
2196 0 310.808838
2197 1 310.808838
2198 0 310.808838
2199 0 310.808838
2200 1 310.808838
2201 0 310.808838
2202 1 310.808838
2203 0 310.808838
2204 0 310.808838
2205 1 310.808838
2206 1666 310.808838
2207 0 310.808838
1056 0 336.728119
1057 1 336.728119
1058 1658 336.728119
1059 0 336.728119
1060 1638 336.728119
1061 3344 336.728119
1062 0 336.728119
1063 1551 336.728119
1064 0 336.728119
1065 2 336.728119
1066 0 336.728119
1067 1 336.728119
1068 1687 336.728119
1069 0 336.728119
1070 1627 336.728119
1071 0 336.728119
1104 0 336.728119
1105 1660 336.728119
1106 0 336.728119
1107 0 336.728119
1108 0 336.728119
1109 0 336.728119
1110 1680 336.728119
1111 0 336.728119
1112 1596 336.728119
1113 1617 336.728119
1114 0 336.728119
1115 0 336.728119
1116 0 336.728119
1117 1 336.728119
1118 0 336.728119
1119 0 336.728119
2208 1694 340.486359
2209 1725 340.486359
2210 0 340.486359
2211 0 340.486359
2212 0 340.486359
2213 1 340.486359
2214 4 340.486359
2215 0 340.486359
2216 1673 340.486359
2217 0 340.486359
2218 0 340.486359
2219 1 340.486359
2220 0 340.486359
2221 0 340.486359
2222 1 340.486359
2223 0 340.486359
2256 1668 340.486359
2257 1631 340.486359
2258 1 340.486359
2259 1649 340.486359
2260 0 340.486359
2261 2 340.486359
2262 0 340.486359
2263 1691 340.486359
2264 0 340.486359
2265 0 340.486359
2266 1651 340.486359
2267 1646 340.486359
2268 0 340.486359
2269 3246 340.486359
2270 0 340.486359
2271 1665 340.486359
1728 0 359.346100
1729 2 359.346100
1730 0 359.346100
1731 3306 359.346100
1732 1694 359.346100
1733 1664 359.346100
1734 0 359.346100
1735 3253 359.346100
1736 1631 359.346100
1737 1668 359.346100
1738 1 359.346100
1739 1625 359.346100
1740 1607 359.346100
1741 1628 359.346100
1742 0 359.346100
1743 0 359.346100
1776 0 359.346100
1777 6 359.346100
1778 0 359.346100
1779 0 359.346100
1780 1642 359.346100
1781 0 359.346100
1782 1617 359.346100
1783 0 359.346100
1784 0 359.346100
1785 0 359.346100
1786 0 359.346100
1787 0 359.346100
1788 1642 359.346100
1789 11 359.346100
1790 0 359.346100
1791 0 359.346100
2048 1650 396.387451
2049 1616 396.387451
2050 1650 396.387451
2051 5 396.387451
2052 0 396.387451
2053 0 396.387451
2054 0 396.387451
2055 1579 396.387451
2056 1653 396.387451
2057 1640 396.387451
2058 0 396.387451
2059 1638 396.387451
2060 1603 396.387451
2061 1679 396.387451
2062 0 396.387451
2063 0 396.387451
2096 2 396.387451
2097 4 396.387451
2098 1571 396.387451
2099 2 396.387451
2100 1645 396.387451
2101 1634 396.387451
2102 0 396.387451
2103 4 396.387451
2104 1 396.387451
2105 1651 396.387451
2106 0 396.387451
2107 1570 396.387451
2108 1 396.387451
2109 1584 396.387451
2110 4 396.387451
2111 0 396.387451
1632 1624 397.239899
1633 0 397.239899
1634 1677 397.239899
1635 1 397.239899
1636 2 397.239899
1637 0 397.239899
1638 1624 397.239899
1639 1672 397.239899
1640 1 397.239899
1641 0 397.239899
1642 0 397.239899
1643 3276 397.239899
1644 1680 397.239899
1645 2 397.239899
1646 1617 397.239899
1647 0 397.239899
1680 1667 397.239899
1681 1659 397.239899
1682 0 397.239899
1683 0 397.239899
1684 1 397.239899
1685 1708 397.239899
1686 1652 397.239899
1687 2 397.239899
1688 0 397.239899
1689 4 397.239899
1690 3336 397.239899
1691 0 397.239899
1692 1627 397.239899
1693 0 397.239899
1694 0 397.239899
1695 0 397.239899
1664 1611 408.594788
1665 1 408.594788
1666 3242 408.594788
1667 0 408.594788
1668 1637 408.594788
1669 7 408.594788
1670 0 408.594788
1671 3308 408.594788
1672 2 408.594788
1673 1639 408.594788
1674 0 408.594788
1675 0 408.594788
1676 1 408.594788
1677 1645 408.594788
1678 3 408.594788
1679 1 408.594788
1712 0 408.594788
1713 0 408.594788
1714 1697 408.594788
1715 0 408.594788
1716 1632 408.594788
1717 0 408.594788
1718 3351 408.594788
1719 1700 408.594788
1720 0 408.594788
1721 2 408.594788
1722 1678 408.594788
1723 0 408.594788
1724 0 408.594788
1725 1701 408.594788
1726 0 408.594788
1727 0 408.594788
1344 0 407.760498
1345 1651 407.760498
1346 0 407.760498
1347 0 407.760498
1348 0 407.760498
1349 3279 407.760498
1350 1661 407.760498
1351 1638 407.760498
1352 7 407.760498
1353 1 407.760498
1354 1585 407.760498
1355 3248 407.760498
1356 1677 407.760498
1357 1688 407.760498
1358 0 407.760498
1359 1648 407.760498
1392 0 407.760498
1393 0 407.760498
1394 1666 407.760498
1395 1640 407.760498
1396 0 407.760498
1397 1665 407.760498
1398 1620 407.760498
1399 0 407.760498
1400 0 407.760498
1401 0 407.760498
1402 1 407.760498
1403 0 407.760498
1404 0 407.760498
1405 0 407.760498
1406 0 407.760498
1407 1 407.760498
1936 1695 411.087646
1937 1 411.087646
1938 0 411.087646
1939 3 411.087646
1940 0 411.087646
1941 1 411.087646
1942 0 411.087646
1943 1676 411.087646
1944 0 411.087646
1945 7 411.087646
1946 3251 411.087646
1947 2 411.087646
1948 0 411.087646
1949 0 411.087646
1950 4 411.087646
1951 1634 411.087646
1984 1632 411.087646
1985 1640 411.087646
1986 1 411.087646
1987 1629 411.087646
1988 0 411.087646
1989 3371 411.087646
1990 3260 411.087646
1991 0 411.087646
1992 1644 411.087646
1993 0 411.087646
1994 0 411.087646
1995 1675 411.087646
1996 1684 411.087646
1997 0 411.087646
1998 1687 411.087646
1999 2 411.087646
2224 1585 428.205139
2225 1659 428.205139
2226 1664 428.205139
2227 3290 428.205139
2228 1687 428.205139
2229 1614 428.205139
2230 3241 428.205139
2231 1634 428.205139
2232 1697 428.205139
2233 1659 428.205139
2234 0 428.205139
2235 1646 428.205139
2236 1689 428.205139
2237 0 428.205139
2238 1 428.205139
2239 1646 428.205139
2272 0 428.205139
2273 0 428.205139
2274 1 428.205139
2275 1700 428.205139
2276 1594 428.205139
2277 1 428.205139
2278 0 428.205139
2279 1639 428.205139
2280 0 428.205139
2281 1628 428.205139
2282 3376 428.205139
2283 4 428.205139
2284 1610 428.205139
2285 1639 428.205139
2286 0 428.205139
2287 1 428.205139
1472 1668 433.650085
1473 2 433.650085
1474 0 433.650085
1475 0 433.650085
1476 0 433.650085
1477 0 433.650085
1478 0 433.650085
1479 1686 433.650085
1480 1702 433.650085
1481 3330 433.650085
1482 3306 433.650085
1483 1618 433.650085
1484 0 433.650085
1485 1670 433.650085
1486 1666 433.650085
1487 1675 433.650085
1520 1702 433.650085
1521 1659 433.650085
1522 0 433.650085
1523 0 433.650085
1524 3322 433.650085
1525 12 433.650085
1526 0 433.650085
1527 0 433.650085
1528 0 433.650085
1529 1 433.650085
1530 1654 433.650085
1531 0 433.650085
1532 0 433.650085
1533 0 433.650085
1534 1614 433.650085
1535 0 433.650085
1264 1650 435.271027
1265 0 435.271027
1266 3282 435.271027
1267 0 435.271027
1268 1 435.271027
1269 0 435.271027
1270 1 435.271027
1271 1659 435.271027
1272 0 435.271027
1273 0 435.271027
1274 0 435.271027
1275 1 435.271027
1276 1 435.271027
1277 1666 435.271027
1278 1554 435.271027
1279 0 435.271027
1312 0 435.271027
1313 1636 435.271027
1314 0 435.271027
1315 1692 435.271027
1316 1 435.271027
1317 1657 435.271027
1318 1669 435.271027
1319 1632 435.271027
1320 0 435.271027
1321 1671 435.271027
1322 0 435.271027
1323 3271 435.271027
1324 1613 435.271027
1325 3222 435.271027
1326 1624 435.271027
1327 0 435.271027
1280 0 438.807068
1281 1656 438.807068
1282 0 438.807068
1283 1 438.807068
1284 1629 438.807068
1285 1656 438.807068
1286 1 438.807068
1287 1656 438.807068
1288 0 438.807068
1289 1655 438.807068
1290 1673 438.807068
1291 0 438.807068
1292 2 438.807068
1293 1 438.807068
1294 0 438.807068
1295 0 438.807068
1328 1578 438.807068
1329 1673 438.807068
1330 1658 438.807068
1331 3309 438.807068
1332 0 438.807068
1333 0 438.807068
1334 3329 438.807068
1335 0 438.807068
1336 1667 438.807068
1337 1654 438.807068
1338 1701 438.807068
1339 0 438.807068
1340 1693 438.807068
1341 4 438.807068
1342 1 438.807068
1343 2 438.807068
1840 0 445.147186
1841 0 445.147186
1842 1632 445.147186
1843 1604 445.147186
1844 1606 445.147186
1845 1637 445.147186
1846 3236 445.147186
1847 3337 445.147186
1848 0 445.147186
1849 1602 445.147186
1850 1 445.147186
1851 1707 445.147186
1852 0 445.147186
1853 0 445.147186
1854 1 445.147186
1855 0 445.147186
1888 1 445.147186
1889 0 445.147186
1890 1611 445.147186
1891 3 445.147186
1892 1668 445.147186
1893 1621 445.147186
1894 1678 445.147186
1895 4903 445.147186
1896 0 445.147186
1897 0 445.147186
1898 0 445.147186
1899 0 445.147186
1900 1 445.147186
1901 1663 445.147186
1902 0 445.147186
1903 0 445.147186
1536 1645 445.717377
1537 3213 445.717377
1538 0 445.717377
1539 0 445.717377
1540 0 445.717377
1541 1594 445.717377
1542 0 445.717377
1543 0 445.717377
1544 0 445.717377
1545 2 445.717377
1546 1634 445.717377
1547 1586 445.717377
1548 1653 445.717377
1549 3310 445.717377
1550 1662 445.717377
1551 1636 445.717377
1584 1689 445.717377
1585 1659 445.717377
1586 1 445.717377
1587 0 445.717377
1588 1642 445.717377
1589 0 445.717377
1590 0 445.717377
1591 3297 445.717377
1592 0 445.717377
1593 1627 445.717377
1594 0 445.717377
1595 1675 445.717377
1596 1600 445.717377
1597 1639 445.717377
1598 0 445.717377
1599 0 445.717377
1744 0 448.446930
1745 2 448.446930
1746 1 448.446930
1747 3234 448.446930
1748 1643 448.446930
1749 0 448.446930
1750 1626 448.446930
1751 3400 448.446930
1752 0 448.446930
1753 1657 448.446930
1754 0 448.446930
1755 1692 448.446930
1756 1633 448.446930
1757 1 448.446930
1758 1668 448.446930
1759 0 448.446930
1792 0 448.446930
1793 1595 448.446930
1794 3274 448.446930
1795 1648 448.446930
1796 0 448.446930
1797 0 448.446930
1798 1654 448.446930
1799 1668 448.446930
1800 0 448.446930
1801 0 448.446930
1802 1654 448.446930
1803 1696 448.446930
1804 0 448.446930
1805 1706 448.446930
1806 2 448.446930
1807 1594 448.446930
1760 1652 453.592346
1761 3213 453.592346
1762 0 453.592346
1763 1 453.592346
1764 0 453.592346
1765 1599 453.592346
1766 3307 453.592346
1767 1620 453.592346
1768 3283 453.592346
1769 5 453.592346
1770 0 453.592346
1771 3334 453.592346
1772 1624 453.592346
1773 0 453.592346
1774 2 453.592346
1775 0 453.592346
1808 0 453.592346
1809 0 453.592346
1810 1615 453.592346
1811 0 453.592346
1812 1686 453.592346
1813 3352 453.592346
1814 1685 453.592346
1815 1 453.592346
1816 0 453.592346
1817 0 453.592346
1818 0 453.592346
1819 3354 453.592346
1820 1 453.592346
1821 1633 453.592346
1822 3339 453.592346
1823 0 453.592346
416 0 461.456604
417 0 461.456604
418 0 461.456604
419 1627 461.456604
420 1 461.456604
421 0 461.456604
422 3356 461.456604
423 0 461.456604
424 3355 461.456604
425 1689 461.456604
426 1 461.456604
427 0 461.456604
428 13 461.456604
429 1 461.456604
430 1677 461.456604
431 1668 461.456604
464 0 461.456604
465 1 461.456604
466 2 461.456604
467 0 461.456604
468 1657 461.456604
469 1671 461.456604
470 3293 461.456604
471 0 461.456604
472 0 461.456604
473 4 461.456604
474 0 461.456604
475 0 461.456604
476 1683 461.456604
477 1 461.456604
478 3316 461.456604
479 0 461.456604
2128 3 467.334015
2129 3268 467.334015
2130 0 467.334015
2131 0 467.334015
2132 3343 467.334015
2133 1 467.334015
2134 3359 467.334015
2135 0 467.334015
2136 1601 467.334015
2137 1625 467.334015
2138 0 467.334015
2139 1659 467.334015
2140 0 467.334015
2141 0 467.334015
2142 1625 467.334015
2143 3242 467.334015
2176 1 467.334015
2177 1669 467.334015
2178 1598 467.334015
2179 0 467.334015
2180 1662 467.334015
2181 3338 467.334015
2182 1698 467.334015
2183 1661 467.334015
2184 1630 467.334015
2185 1686 467.334015
2186 0 467.334015
2187 0 467.334015
2188 1667 467.334015
2189 0 467.334015
2190 0 467.334015
2191 0 467.334015
480 0 473.566956
481 1 473.566956
482 0 473.566956
483 1702 473.566956
484 0 473.566956
485 1659 473.566956
486 3334 473.566956
487 3353 473.566956
488 1 473.566956
489 1666 473.566956
490 12 473.566956
491 0 473.566956
492 1714 473.566956
493 1685 473.566956
494 1675 473.566956
495 0 473.566956
528 1 473.566956
529 1680 473.566956
530 1 473.566956
531 1619 473.566956
532 0 473.566956
533 1622 473.566956
534 2 473.566956
535 1626 473.566956
536 0 473.566956
537 1624 473.566956
538 0 473.566956
539 2 473.566956
540 1 473.566956
541 1 473.566956
542 1716 473.566956
543 1667 473.566956
880 1571 473.624512
881 1648 473.624512
882 0 473.624512
883 0 473.624512
884 1649 473.624512
885 0 473.624512
886 1684 473.624512
887 1686 473.624512
888 0 473.624512
889 0 473.624512
890 0 473.624512
891 1 473.624512
892 5 473.624512
893 0 473.624512
894 3254 473.624512
895 4890 473.624512
928 1623 473.624512
929 0 473.624512
930 0 473.624512
931 0 473.624512
932 1566 473.624512
933 1627 473.624512
934 1620 473.624512
935 0 473.624512
936 1661 473.624512
937 0 473.624512
938 0 473.624512
939 0 473.624512
940 1638 473.624512
941 1 473.624512
942 3289 473.624512
943 1 473.624512
1440 2 482.621826
1441 1681 482.621826
1442 0 482.621826
1443 1649 482.621826
1444 0 482.621826
1445 1641 482.621826
1446 0 482.621826
1447 1677 482.621826
1448 0 482.621826
1449 1650 482.621826
1450 0 482.621826
1451 1 482.621826
1452 0 482.621826
1453 1 482.621826
1454 0 482.621826
1455 0 482.621826
1488 3314 482.621826
1489 1682 482.621826
1490 0 482.621826
1491 3284 482.621826
1492 0 482.621826
1493 1643 482.621826
1494 3282 482.621826
1495 1522 482.621826
1496 1647 482.621826
1497 1634 482.621826
1498 1663 482.621826
1499 3328 482.621826
1500 3 482.621826
1501 3279 482.621826
1502 1681 482.621826
1503 0 482.621826
608 1717 485.861298
609 0 485.861298
610 0 485.861298
611 0 485.861298
612 1 485.861298
613 0 485.861298
614 1645 485.861298
615 1 485.861298
616 0 485.861298
617 2 485.861298
618 1658 485.861298
619 1654 485.861298
620 3 485.861298
621 0 485.861298
622 0 485.861298
623 2 485.861298
656 0 485.861298
657 0 485.861298
658 1596 485.861298
659 1633 485.861298
660 0 485.861298
661 0 485.861298
662 3266 485.861298
663 1635 485.861298
664 1714 485.861298
665 3338 485.861298
666 1665 485.861298
667 4896 485.861298
668 0 485.861298
669 1683 485.861298
670 1665 485.861298
671 0 485.861298
1856 2 487.320404
1857 2 487.320404
1858 5 487.320404
1859 1 487.320404
1860 1 487.320404
1861 1 487.320404
1862 1 487.320404
1863 0 487.320404
1864 1648 487.320404
1865 1632 487.320404
1866 0 487.320404
1867 1649 487.320404
1868 1682 487.320404
1869 1716 487.320404
1870 0 487.320404
1871 1692 487.320404
1904 0 487.320404
1905 1666 487.320404
1906 1608 487.320404
1907 1673 487.320404
1908 0 487.320404
1909 1643 487.320404
1910 0 487.320404
1911 1608 487.320404
1912 0 487.320404
1913 1662 487.320404
1914 4939 487.320404
1915 2 487.320404
1916 1619 487.320404
1917 4938 487.320404
1918 1663 487.320404
1919 0 487.320404
688 1623 488.523254
689 0 488.523254
690 5 488.523254
691 0 488.523254
692 1673 488.523254
693 0 488.523254
694 1615 488.523254
695 1647 488.523254
696 3270 488.523254
697 2 488.523254
698 2 488.523254
699 0 488.523254
700 3231 488.523254
701 3289 488.523254
702 1692 488.523254
703 3266 488.523254
736 1630 488.523254
737 3374 488.523254
738 1 488.523254
739 0 488.523254
740 0 488.523254
741 1592 488.523254
742 1 488.523254
743 0 488.523254
744 1663 488.523254
745 0 488.523254
746 0 488.523254
747 0 488.523254
748 1683 488.523254
749 0 488.523254
750 1651 488.523254
751 1601 488.523254
672 1 489.399200
673 1648 489.399200
674 0 489.399200
675 0 489.399200
676 3271 489.399200
677 1622 489.399200
678 1625 489.399200
679 0 489.399200
680 1664 489.399200
681 1 489.399200
682 1 489.399200
683 1668 489.399200
684 0 489.399200
685 1703 489.399200
686 1 489.399200
687 1 489.399200
720 1663 489.399200
721 3321 489.399200
722 1641 489.399200
723 3337 489.399200
724 1595 489.399200
725 0 489.399200
726 1611 489.399200
727 1608 489.399200
728 1691 489.399200
729 1657 489.399200
730 1628 489.399200
731 1695 489.399200
732 1 489.399200
733 3 489.399200
734 1627 489.399200
735 1 489.399200
2112 0 491.412231
2113 5 491.412231
2114 0 491.412231
2115 1644 491.412231
2116 0 491.412231
2117 3249 491.412231
2118 0 491.412231
2119 1650 491.412231
2120 0 491.412231
2121 1630 491.412231
2122 0 491.412231
2123 1609 491.412231
2124 1 491.412231
2125 1747 491.412231
2126 1 491.412231
2127 3327 491.412231
2160 0 491.412231
2161 0 491.412231
2162 0 491.412231
2163 3260 491.412231
2164 1686 491.412231
2165 1693 491.412231
2166 1653 491.412231
2167 1 491.412231
2168 1631 491.412231
2169 0 491.412231
2170 1 491.412231
2171 1699 491.412231
2172 1660 491.412231
2173 1670 491.412231
2174 1655 491.412231
2175 3345 491.412231
1360 1664 491.548676
1361 1639 491.548676
1362 0 491.548676
1363 0 491.548676
1364 1 491.548676
1365 0 491.548676
1366 1642 491.548676
1367 3 491.548676
1368 0 491.548676
1369 0 491.548676
1370 0 491.548676
1371 0 491.548676
1372 1621 491.548676
1373 3283 491.548676
1374 0 491.548676
1375 1625 491.548676
1408 1663 491.548676
1409 1676 491.548676
1410 1 491.548676
1411 1585 491.548676
1412 0 491.548676
1413 1624 491.548676
1414 1620 491.548676
1415 1636 491.548676
1416 0 491.548676
1417 1658 491.548676
1418 3261 491.548676
1419 1592 491.548676
1420 1651 491.548676
1421 3309 491.548676
1422 0 491.548676
1423 3270 491.548676
1552 1688 496.322876
1553 1636 496.322876
1554 1657 496.322876
1555 0 496.322876
1556 1 496.322876
1557 1 496.322876
1558 0 496.322876
1559 0 496.322876
1560 0 496.322876
1561 1655 496.322876
1562 0 496.322876
1563 1622 496.322876
1564 1 496.322876
1565 1661 496.322876
1566 1673 496.322876
1567 3 496.322876
1600 1599 496.322876
1601 0 496.322876
1602 1 496.322876
1603 0 496.322876
1604 1 496.322876
1605 1641 496.322876
1606 0 496.322876
1607 1672 496.322876
1608 1665 496.322876
1609 1695 496.322876
1610 1 496.322876
1611 4948 496.322876
1612 4983 496.322876
1613 1640 496.322876
1614 4887 496.322876
1615 0 496.322876
400 1693 502.892853
401 1 502.892853
402 1587 502.892853
403 1647 502.892853
404 1 502.892853
405 0 502.892853
406 3319 502.892853
407 1611 502.892853
408 3298 502.892853
409 0 502.892853
410 0 502.892853
411 1604 502.892853
412 1629 502.892853
413 1621 502.892853
414 3299 502.892853
415 0 502.892853
448 0 502.892853
449 1 502.892853
450 8 502.892853
451 0 502.892853
452 1681 502.892853
453 1635 502.892853
454 0 502.892853
455 1 502.892853
456 1659 502.892853
457 0 502.892853
458 0 502.892853
459 0 502.892853
460 1623 502.892853
461 0 502.892853
462 1636 502.892853
463 1618 502.892853
1952 0 510.863739
1953 0 510.863739
1954 1650 510.863739
1955 0 510.863739
1956 7 510.863739
1957 0 510.863739
1958 1563 510.863739
1959 0 510.863739
1960 1681 510.863739
1961 3235 510.863739
1962 0 510.863739
1963 1 510.863739
1964 2 510.863739
1965 1 510.863739
1966 1 510.863739
1967 1 510.863739
2000 1685 510.863739
2001 1 510.863739
2002 1688 510.863739
2003 0 510.863739
2004 1 510.863739
2005 1669 510.863739
2006 1605 510.863739
2007 1679 510.863739
2008 3350 510.863739
2009 4918 510.863739
2010 3333 510.863739
2011 1636 510.863739
2012 0 510.863739
2013 3338 510.863739
2014 0 510.863739
2015 3268 510.863739
1648 0 509.877045
1649 0 509.877045
1650 1640 509.877045
1651 1674 509.877045
1652 0 509.877045
1653 1670 509.877045
1654 1617 509.877045
1655 1 509.877045
1656 1689 509.877045
1657 1 509.877045
1658 0 509.877045
1659 0 509.877045
1660 3344 509.877045
1661 1691 509.877045
1662 1644 509.877045
1663 1676 509.877045
1696 5000 509.877045
1697 0 509.877045
1698 0 509.877045
1699 1656 509.877045
1700 1675 509.877045
1701 0 509.877045
1702 1628 509.877045
1703 1622 509.877045
1704 1595 509.877045
1705 1 509.877045
1706 1621 509.877045
1707 1672 509.877045
1708 1670 509.877045
1709 0 509.877045
1710 1632 509.877045
1711 1664 509.877045
800 1 511.919220
801 0 511.919220
802 2 511.919220
803 3337 511.919220
804 5009 511.919220
805 0 511.919220
806 1 511.919220
807 1 511.919220
808 1 511.919220
809 1586 511.919220
810 0 511.919220
811 0 511.919220
812 1641 511.919220
813 1 511.919220
814 3278 511.919220
815 1663 511.919220
848 1663 511.919220
849 2 511.919220
850 1 511.919220
851 5 511.919220
852 1 511.919220
853 3354 511.919220
854 0 511.919220
855 1681 511.919220
856 1670 511.919220
857 0 511.919220
858 1655 511.919220
859 1 511.919220
860 3247 511.919220
861 3 511.919220
862 1655 511.919220
863 1668 511.919220
592 2 512.042908
593 1659 512.042908
594 3 512.042908
595 1688 512.042908
596 0 512.042908
597 0 512.042908
598 1 512.042908
599 3231 512.042908
600 0 512.042908
601 1595 512.042908
602 1 512.042908
603 10 512.042908
604 1668 512.042908
605 1 512.042908
606 1683 512.042908
607 1671 512.042908
640 1666 512.042908
641 1 512.042908
642 1639 512.042908
643 3254 512.042908
644 1653 512.042908
645 1604 512.042908
646 3320 512.042908
647 0 512.042908
648 3285 512.042908
649 1608 512.042908
650 0 512.042908
651 1 512.042908
652 1 512.042908
653 3274 512.042908
654 1616 512.042908
655 0 512.042908
960 0 514.184143
961 0 514.184143
962 0 514.184143
963 1642 514.184143
964 5 514.184143
965 1 514.184143
966 1656 514.184143
967 1660 514.184143
968 2 514.184143
969 1623 514.184143
970 3285 514.184143
971 1624 514.184143
972 1659 514.184143
973 3320 514.184143
974 2 514.184143
975 1629 514.184143
1008 1613 514.184143
1009 1 514.184143
1010 1635 514.184143
1011 1653 514.184143
1012 1675 514.184143
1013 0 514.184143
1014 0 514.184143
1015 1 514.184143
1016 2 514.184143
1017 1659 514.184143
1018 1 514.184143
1019 1 514.184143
1020 1 514.184143
1021 3193 514.184143
1022 1604 514.184143
1023 1604 514.184143
1168 1660 516.888000
1169 1 516.888000
1170 0 516.888000
1171 1 516.888000
1172 1624 516.888000
1173 1686 516.888000
1174 3289 516.888000
1175 1684 516.888000
1176 1638 516.888000
1177 1 516.888000
1178 3300 516.888000
1179 2 516.888000
1180 0 516.888000
1181 0 516.888000
1182 1642 516.888000
1183 3265 516.888000
1216 1689 516.888000
1217 1656 516.888000
1218 3304 516.888000
1219 0 516.888000
1220 1588 516.888000
1221 1 516.888000
1222 1613 516.888000
1223 1653 516.888000
1224 0 516.888000
1225 1676 516.888000
1226 0 516.888000
1227 1640 516.888000
1228 0 516.888000
1229 1 516.888000
1230 1620 516.888000
1231 1659 516.888000
1376 3246 519.774292
1377 1609 519.774292
1378 1 519.774292
1379 1660 519.774292
1380 1662 519.774292
1381 1603 519.774292
1382 1647 519.774292
1383 12 519.774292
1384 3262 519.774292
1385 1649 519.774292
1386 1653 519.774292
1387 4 519.774292
1388 0 519.774292
1389 4988 519.774292
1390 1611 519.774292
1391 3 519.774292
1424 0 519.774292
1425 1679 519.774292
1426 3325 519.774292
1427 1615 519.774292
1428 1587 519.774292
1429 0 519.774292
1430 3 519.774292
1431 1655 519.774292
1432 0 519.774292
1433 0 519.774292
1434 1611 519.774292
1435 0 519.774292
1436 1 519.774292
1437 0 519.774292
1438 3295 519.774292
1439 0 519.774292
1184 1627 520.490112
1185 0 520.490112
1186 0 520.490112
1187 1602 520.490112
1188 0 520.490112
1189 1655 520.490112
1190 1696 520.490112
1191 3097 520.490112
1192 3356 520.490112
1193 3327 520.490112
1194 0 520.490112
1195 1634 520.490112
1196 1591 520.490112
1197 1665 520.490112
1198 4 520.490112
1199 3281 520.490112
1232 1 520.490112
1233 0 520.490112
1234 1606 520.490112
1235 1625 520.490112
1236 1610 520.490112
1237 1 520.490112
1238 0 520.490112
1239 0 520.490112
1240 1668 520.490112
1241 0 520.490112
1242 0 520.490112
1243 0 520.490112
1244 0 520.490112
1245 1 520.490112
1246 3266 520.490112
1247 1673 520.490112
896 0 525.858215
897 1608 525.858215
898 1 525.858215
899 1617 525.858215
900 0 525.858215
901 1 525.858215
902 1634 525.858215
903 1660 525.858215
904 1582 525.858215
905 1 525.858215
906 3310 525.858215
907 1606 525.858215
908 1554 525.858215
909 1668 525.858215
910 1604 525.858215
911 1610 525.858215
944 1630 525.858215
945 1644 525.858215
946 1697 525.858215
947 3276 525.858215
948 2 525.858215
949 3339 525.858215
950 0 525.858215
951 3 525.858215
952 2 525.858215
953 3270 525.858215
954 0 525.858215
955 1658 525.858215
956 0 525.858215
957 1 525.858215
958 0 525.858215
959 1639 525.858215
512 1634 533.200623
513 1 533.200623
514 3253 533.200623
515 1614 533.200623
516 1622 533.200623
517 1644 533.200623
518 0 533.200623
519 0 533.200623
520 0 533.200623
521 0 533.200623
522 1 533.200623
523 0 533.200623
524 0 533.200623
525 0 533.200623
526 1656 533.200623
527 1656 533.200623
560 5 533.200623
561 0 533.200623
562 1540 533.200623
563 3210 533.200623
564 1655 533.200623
565 7 533.200623
566 3363 533.200623
567 3293 533.200623
568 1673 533.200623
569 0 533.200623
570 1619 533.200623
571 1597 533.200623
572 1702 533.200623
573 3234 533.200623
574 0 533.200623
575 1665 533.200623
1088 1627 538.309265
1089 1652 538.309265
1090 0 538.309265
1091 0 538.309265
1092 1626 538.309265
1093 0 538.309265
1094 1 538.309265
1095 0 538.309265
1096 1568 538.309265
1097 3278 538.309265
1098 2 538.309265
1099 3240 538.309265
1100 1 538.309265
1101 1 538.309265
1102 1641 538.309265
1103 0 538.309265
1136 1661 538.309265
1137 1608 538.309265
1138 1618 538.309265
1139 0 538.309265
1140 1680 538.309265
1141 1628 538.309265
1142 1665 538.309265
1143 1600 538.309265
1144 1703 538.309265
1145 1647 538.309265
1146 1581 538.309265
1147 1577 538.309265
1148 1570 538.309265
1149 3317 538.309265
1150 3352 538.309265
1151 1641 538.309265
1456 0 536.235779
1457 1667 536.235779
1458 0 536.235779
1459 3303 536.235779
1460 1648 536.235779
1461 3 536.235779
1462 3273 536.235779
1463 1573 536.235779
1464 0 536.235779
1465 1656 536.235779
1466 1678 536.235779
1467 2 536.235779
1468 1684 536.235779
1469 1651 536.235779
1470 3331 536.235779
1471 0 536.235779
1504 0 536.235779
1505 1629 536.235779
1506 0 536.235779
1507 1635 536.235779
1508 1625 536.235779
1509 1660 536.235779
1510 0 536.235779
1511 0 536.235779
1512 1658 536.235779
1513 0 536.235779
1514 3270 536.235779
1515 0 536.235779
1516 0 536.235779
1517 1637 536.235779
1518 1651 536.235779
1519 1653 536.235779
768 1651 545.124146
769 1628 545.124146
770 0 545.124146
771 3340 545.124146
772 1671 545.124146
773 4 545.124146
774 0 545.124146
775 0 545.124146
776 1705 545.124146
777 2 545.124146
778 2 545.124146
779 3289 545.124146
780 1 545.124146
781 1603 545.124146
782 3285 545.124146
783 1677 545.124146
816 0 545.124146
817 0 545.124146
818 1610 545.124146
819 1 545.124146
820 3259 545.124146
821 0 545.124146
822 1618 545.124146
823 0 545.124146
824 1685 545.124146
825 1633 545.124146
826 0 545.124146
827 0 545.124146
828 2 545.124146
829 1628 545.124146
830 1675 545.124146
831 1656 545.124146
1824 0 548.598145
1825 0 548.598145
1826 1 548.598145
1827 1 548.598145
1828 1646 548.598145
1829 1625 548.598145
1830 0 548.598145
1831 1674 548.598145
1832 0 548.598145
1833 1624 548.598145
1834 3314 548.598145
1835 3300 548.598145
1836 3319 548.598145
1837 3328 548.598145
1838 1677 548.598145
1839 1662 548.598145
1872 1676 548.598145
1873 1686 548.598145
1874 3273 548.598145
1875 1631 548.598145
1876 0 548.598145
1877 1646 548.598145
1878 1 548.598145
1879 1626 548.598145
1880 0 548.598145
1881 1618 548.598145
1882 0 548.598145
1883 0 548.598145
1884 1635 548.598145
1885 3316 548.598145
1886 1 548.598145
1887 1681 548.598145
496 3282 549.296753
497 4946 549.296753
498 3 549.296753
499 5 549.296753
500 1 549.296753
501 3231 549.296753
502 1 549.296753
503 0 549.296753
504 0 549.296753
505 1672 549.296753
506 1 549.296753
507 0 549.296753
508 1 549.296753
509 1615 549.296753
510 1590 549.296753
511 0 549.296753
544 3262 549.296753
545 1648 549.296753
546 1640 549.296753
547 0 549.296753
548 1 549.296753
549 0 549.296753
550 3265 549.296753
551 3 549.296753
552 1615 549.296753
553 1631 549.296753
554 1677 549.296753
555 3248 549.296753
556 0 549.296753
557 1650 549.296753
558 1638 549.296753
559 0 549.296753
288 1662 555.702759
289 3365 555.702759
290 4894 555.702759
291 1664 555.702759
292 3300 555.702759
293 1597 555.702759
294 3 555.702759
295 1625 555.702759
296 0 555.702759
297 0 555.702759
298 0 555.702759
299 0 555.702759
300 1542 555.702759
301 2 555.702759
302 4 555.702759
303 3242 555.702759
336 0 555.702759
337 0 555.702759
338 1638 555.702759
339 1612 555.702759
340 1623 555.702759
341 4 555.702759
342 2 555.702759
343 0 555.702759
344 1668 555.702759
345 1622 555.702759
346 1646 555.702759
347 1654 555.702759
348 3387 555.702759
349 1574 555.702759
350 1666 555.702759
351 1630 555.702759
784 1620 558.348572
785 1693 558.348572
786 1646 558.348572
787 3228 558.348572
788 1652 558.348572
789 0 558.348572
790 4940 558.348572
791 1613 558.348572
792 0 558.348572
793 1644 558.348572
794 1620 558.348572
795 1654 558.348572
796 1635 558.348572
797 0 558.348572
798 0 558.348572
799 1 558.348572
832 2 558.348572
833 0 558.348572
834 0 558.348572
835 1613 558.348572
836 8 558.348572
837 4983 558.348572
838 0 558.348572
839 1667 558.348572
840 3281 558.348572
841 1609 558.348572
842 0 558.348572
843 3 558.348572
844 0 558.348572
845 1680 558.348572
846 1 558.348572
847 1662 558.348572
976 0 560.678894
977 1675 560.678894
978 0 560.678894
979 1558 560.678894
980 3289 560.678894
981 14 560.678894
982 1607 560.678894
983 0 560.678894
984 1636 560.678894
985 3280 560.678894
986 1679 560.678894
987 4983 560.678894
988 1626 560.678894
989 1608 560.678894
990 0 560.678894
991 2 560.678894
1024 0 560.678894
1025 3 560.678894
1026 1 560.678894
1027 0 560.678894
1028 3311 560.678894
1029 1632 560.678894
1030 1648 560.678894
1031 1659 560.678894
1032 0 560.678894
1033 1648 560.678894
1034 1669 560.678894
1035 1580 560.678894
1036 1557 560.678894
1037 1687 560.678894
1038 2 560.678894
1039 0 560.678894
224 1641 565.916931
225 1704 565.916931
226 1677 565.916931
227 0 565.916931
228 0 565.916931
229 0 565.916931
230 3305 565.916931
231 1689 565.916931
232 1 565.916931
233 0 565.916931
234 1565 565.916931
235 2 565.916931
236 4959 565.916931
237 3257 565.916931
238 0 565.916931
239 3226 565.916931
272 0 565.916931
273 0 565.916931
274 1654 565.916931
275 4 565.916931
276 1641 565.916931
277 0 565.916931
278 0 565.916931
279 3277 565.916931
280 1658 565.916931
281 3 565.916931
282 1661 565.916931
283 0 565.916931
284 3287 565.916931
285 3235 565.916931
286 1 565.916931
287 5 565.916931
992 3311 571.127319
993 1650 571.127319
994 0 571.127319
995 1670 571.127319
996 2 571.127319
997 3351 571.127319
998 1624 571.127319
999 3298 571.127319
1000 1659 571.127319
1001 3 571.127319
1002 1631 571.127319
1003 1687 571.127319
1004 0 571.127319
1005 1654 571.127319
1006 0 571.127319
1007 1642 571.127319
1040 3274 571.127319
1041 3327 571.127319
1042 2 571.127319
1043 1655 571.127319
1044 1654 571.127319
1045 3293 571.127319
1046 1662 571.127319
1047 3350 571.127319
1048 0 571.127319
1049 1683 571.127319
1050 1679 571.127319
1051 0 571.127319
1052 0 571.127319
1053 0 571.127319
1054 1654 571.127319
1055 0 571.127319
1072 0 570.332947
1073 3348 570.332947
1074 1665 570.332947
1075 1697 570.332947
1076 1652 570.332947
1077 1650 570.332947
1078 0 570.332947
1079 1580 570.332947
1080 1 570.332947
1081 1 570.332947
1082 1639 570.332947
1083 1654 570.332947
1084 0 570.332947
1085 1637 570.332947
1086 1682 570.332947
1087 1596 570.332947
1120 0 570.332947
1121 0 570.332947
1122 0 570.332947
1123 1661 570.332947
1124 1671 570.332947
1125 0 570.332947
1126 1659 570.332947
1127 0 570.332947
1128 3347 570.332947
1129 0 570.332947
1130 0 570.332947
1131 1665 570.332947
1132 3299 570.332947
1133 1659 570.332947
1134 4875 570.332947
1135 0 570.332947
208 1670 575.412720
209 1 575.412720
210 0 575.412720
211 1672 575.412720
212 3 575.412720
213 0 575.412720
214 1639 575.412720
215 1690 575.412720
216 1586 575.412720
217 0 575.412720
218 1 575.412720
219 3270 575.412720
220 3362 575.412720
221 1632 575.412720
222 1660 575.412720
223 1 575.412720
256 1 575.412720
257 1661 575.412720
258 3299 575.412720
259 1663 575.412720
260 1686 575.412720
261 1693 575.412720
262 1666 575.412720
263 0 575.412720
264 4 575.412720
265 0 575.412720
266 0 575.412720
267 1705 575.412720
268 1676 575.412720
269 1667 575.412720
270 1591 575.412720
271 1594 575.412720
2240 1666 578.585693
2241 0 578.585693
2242 1674 578.585693
2243 0 578.585693
2244 0 578.585693
2245 3257 578.585693
2246 1686 578.585693
2247 0 578.585693
2248 1673 578.585693
2249 0 578.585693
2250 3232 578.585693
2251 1689 578.585693
2252 1636 578.585693
2253 1575 578.585693
2254 1619 578.585693
2255 3284 578.585693
2288 4 578.585693
2289 3239 578.585693
2290 0 578.585693
2291 1619 578.585693
2292 0 578.585693
2293 3363 578.585693
2294 1699 578.585693
2295 1611 578.585693
2296 3288 578.585693
2297 3300 578.585693
2298 3273 578.585693
2299 0 578.585693
2300 0 578.585693
2301 0 578.585693
2302 1659 578.585693
2303 1632 578.585693
32 1697 581.949158
33 7 581.949158
34 1555 581.949158
35 1609 581.949158
36 1666 581.949158
37 1688 581.949158
38 5025 581.949158
39 0 581.949158
40 1648 581.949158
41 1618 581.949158
42 0 581.949158
43 3302 581.949158
44 1612 581.949158
45 1630 581.949158
46 1665 581.949158
47 1 581.949158
80 1636 581.949158
81 3 581.949158
82 1698 581.949158
83 0 581.949158
84 0 581.949158
85 1598 581.949158
86 3316 581.949158
87 3282 581.949158
88 1683 581.949158
89 1596 581.949158
90 0 581.949158
91 4 581.949158
92 1668 581.949158
93 3314 581.949158
94 0 581.949158
95 0 581.949158
1248 3213 595.717102
1249 1 595.717102
1250 3271 595.717102
1251 3 595.717102
1252 1679 595.717102
1253 3269 595.717102
1254 1646 595.717102
1255 1 595.717102
1256 1 595.717102
1257 1665 595.717102
1258 1689 595.717102
1259 4836 595.717102
1260 1615 595.717102
1261 1 595.717102
1262 3297 595.717102
1263 3275 595.717102
1296 3250 595.717102
1297 0 595.717102
1298 1609 595.717102
1299 1624 595.717102
1300 2 595.717102
1301 0 595.717102
1302 1644 595.717102
1303 0 595.717102
1304 1643 595.717102
1305 1635 595.717102
1306 1703 595.717102
1307 1 595.717102
1308 0 595.717102
1309 1596 595.717102
1310 1655 595.717102
1311 0 595.717102
384 1610 597.998413
385 1 597.998413
386 1661 597.998413
387 1694 597.998413
388 1606 597.998413
389 1620 597.998413
390 0 597.998413
391 1637 597.998413
392 1659 597.998413
393 3233 597.998413
394 1596 597.998413
395 1579 597.998413
396 21 597.998413
397 1648 597.998413
398 1637 597.998413
399 4962 597.998413
432 0 597.998413
433 1663 597.998413
434 0 597.998413
435 1648 597.998413
436 0 597.998413
437 3303 597.998413
438 2 597.998413
439 1624 597.998413
440 0 597.998413
441 4828 597.998413
442 1620 597.998413
443 1 597.998413
444 1604 597.998413
445 0 597.998413
446 1645 597.998413
447 3 597.998413
112 1646 611.815857
113 1633 611.815857
114 2 611.815857
115 0 611.815857
116 1668 611.815857
117 1717 611.815857
118 0 611.815857
119 0 611.815857
120 0 611.815857
121 1682 611.815857
122 3378 611.815857
123 0 611.815857
124 1679 611.815857
125 1636 611.815857
126 1668 611.815857
127 1681 611.815857
160 1 611.815857
161 0 611.815857
162 3316 611.815857
163 0 611.815857
164 0 611.815857
165 1657 611.815857
166 1 611.815857
167 3303 611.815857
168 1635 611.815857
169 1624 611.815857
170 3295 611.815857
171 3292 611.815857
172 1700 611.815857
173 1612 611.815857
174 1632 611.815857
175 3279 611.815857
320 3 619.033203
321 0 619.033203
322 3302 619.033203
323 5057 619.033203
324 3277 619.033203
325 3244 619.033203
326 1631 619.033203
327 1 619.033203
328 1674 619.033203
329 0 619.033203
330 0 619.033203
331 0 619.033203
332 0 619.033203
333 1664 619.033203
334 3281 619.033203
335 1 619.033203
368 1 619.033203
369 1686 619.033203
370 1653 619.033203
371 5 619.033203
372 1688 619.033203
373 1598 619.033203
374 0 619.033203
375 3279 619.033203
376 0 619.033203
377 0 619.033203
378 1613 619.033203
379 1612 619.033203
380 3 619.033203
381 3341 619.033203
382 1665 619.033203
383 1645 619.033203
576 1607 616.700500
577 1585 616.700500
578 3271 616.700500
579 3310 616.700500
580 3286 616.700500
581 3246 616.700500
582 1616 616.700500
583 1 616.700500
584 1638 616.700500
585 1595 616.700500
586 0 616.700500
587 3185 616.700500
588 3 616.700500
589 1652 616.700500
590 3351 616.700500
591 1 616.700500
624 0 616.700500
625 1602 616.700500
626 0 616.700500
627 1602 616.700500
628 1 616.700500
629 0 616.700500
630 1650 616.700500
631 1 616.700500
632 1632 616.700500
633 1632 616.700500
634 3347 616.700500
635 3301 616.700500
636 1598 616.700500
637 1583 616.700500
638 1635 616.700500
639 0 616.700500
96 1651 637.398254
97 3247 637.398254
98 1642 637.398254
99 2 637.398254
100 4 637.398254
101 1656 637.398254
102 1584 637.398254
103 1657 637.398254
104 1644 637.398254
105 3228 637.398254
106 1691 637.398254
107 0 637.398254
108 3286 637.398254
109 3302 637.398254
110 3 637.398254
111 1660 637.398254
144 1650 637.398254
145 0 637.398254
146 1661 637.398254
147 3297 637.398254
148 1643 637.398254
149 1663 637.398254
150 1570 637.398254
151 3349 637.398254
152 0 637.398254
153 1638 637.398254
154 3 637.398254
155 1652 637.398254
156 1634 637.398254
157 8 637.398254
158 1655 637.398254
159 0 637.398254
192 3312 640.855774
193 0 640.855774
194 0 640.855774
195 1 640.855774
196 1 640.855774
197 1657 640.855774
198 1596 640.855774
199 1611 640.855774
200 3282 640.855774
201 3252 640.855774
202 3292 640.855774
203 1 640.855774
204 4891 640.855774
205 1635 640.855774
206 2 640.855774
207 1690 640.855774
240 1 640.855774
241 1647 640.855774
242 1645 640.855774
243 3321 640.855774
244 1630 640.855774
245 3240 640.855774
246 1 640.855774
247 0 640.855774
248 1 640.855774
249 0 640.855774
250 3320 640.855774
251 4 640.855774
252 1628 640.855774
253 1715 640.855774
254 3267 640.855774
255 3282 640.855774
864 1670 650.188416
865 0 650.188416
866 0 650.188416
867 3315 650.188416
868 3231 650.188416
869 1680 650.188416
870 3327 650.188416
871 1649 650.188416
872 0 650.188416
873 3 650.188416
874 6 650.188416
875 1678 650.188416
876 1566 650.188416
877 0 650.188416
878 3213 650.188416
879 3240 650.188416
912 1662 650.188416
913 1693 650.188416
914 0 650.188416
915 1630 650.188416
916 3263 650.188416
917 3268 650.188416
918 0 650.188416
919 4 650.188416
920 1693 650.188416
921 1616 650.188416
922 3217 650.188416
923 3265 650.188416
924 0 650.188416
925 3282 650.188416
926 0 650.188416
927 1627 650.188416
704 3338 671.694397
705 4914 671.694397
706 3206 671.694397
707 3322 671.694397
708 0 671.694397
709 1595 671.694397
710 3254 671.694397
711 3379 671.694397
712 3277 671.694397
713 1642 671.694397
714 1 671.694397
715 1628 671.694397
716 1678 671.694397
717 0 671.694397
718 0 671.694397
719 1698 671.694397
752 1649 671.694397
753 0 671.694397
754 1652 671.694397
755 0 671.694397
756 0 671.694397
757 1681 671.694397
758 1654 671.694397
759 0 671.694397
760 1 671.694397
761 3306 671.694397
762 3361 671.694397
763 1625 671.694397
764 1651 671.694397
765 1647 671.694397
766 1678 671.694397
767 3 671.694397
1152 3239 675.851135
1153 1624 675.851135
1154 3267 675.851135
1155 0 675.851135
1156 1650 675.851135
1157 1695 675.851135
1158 5 675.851135
1159 1677 675.851135
1160 1624 675.851135
1161 1611 675.851135
1162 1 675.851135
1163 3264 675.851135
1164 4924 675.851135
1165 3298 675.851135
1166 3329 675.851135
1167 5 675.851135
1200 1645 675.851135
1201 1641 675.851135
1202 3355 675.851135
1203 4921 675.851135
1204 1 675.851135
1205 1683 675.851135
1206 3 675.851135
1207 3326 675.851135
1208 1600 675.851135
1209 3281 675.851135
1210 3305 675.851135
1211 3 675.851135
1212 1690 675.851135
1213 3317 675.851135
1214 3317 675.851135
1215 1590 675.851135
128 0 680.376282
129 1663 680.376282
130 1666 680.376282
131 1623 680.376282
132 1680 680.376282
133 4 680.376282
134 3304 680.376282
135 3265 680.376282
136 1551 680.376282
137 3342 680.376282
138 1 680.376282
139 3215 680.376282
140 1669 680.376282
141 4857 680.376282
142 3344 680.376282
143 1605 680.376282
176 4 680.376282
177 1660 680.376282
178 3270 680.376282
179 3285 680.376282
180 1653 680.376282
181 1668 680.376282
182 0 680.376282
183 4877 680.376282
184 0 680.376282
185 1 680.376282
186 3337 680.376282
187 1634 680.376282
188 1 680.376282
189 1 680.376282
190 0 680.376282
191 1611 680.376282
304 1 705.297913
305 1679 705.297913
306 1603 705.297913
307 3278 705.297913
308 1626 705.297913
309 1648 705.297913
310 1654 705.297913
311 1675 705.297913
312 3293 705.297913
313 1650 705.297913
314 3200 705.297913
315 1623 705.297913
316 1669 705.297913
317 0 705.297913
318 5023 705.297913
319 1702 705.297913
352 1706 705.297913
353 1661 705.297913
354 1688 705.297913
355 4925 705.297913
356 1661 705.297913
357 1706 705.297913
358 1644 705.297913
359 0 705.297913
360 1 705.297913
361 1587 705.297913
362 1642 705.297913
363 1 705.297913
364 1668 705.297913
365 3214 705.297913
366 1622 705.297913
367 4923 705.297913
0 1658 709.377930
1 1642 709.377930
2 1 709.377930
3 3295 709.377930
4 1647 709.377930
5 3331 709.377930
6 1674 709.377930
7 1605 709.377930
8 3302 709.377930
9 3295 709.377930
10 1690 709.377930
11 3356 709.377930
12 0 709.377930
13 1684 709.377930
14 4967 709.377930
15 1 709.377930
48 1 709.377930
49 1 709.377930
50 1680 709.377930
51 1646 709.377930
52 1621 709.377930
53 1688 709.377930
54 3260 709.377930
55 1706 709.377930
56 1700 709.377930
57 1619 709.377930
58 4904 709.377930
59 0 709.377930
60 1696 709.377930
61 1593 709.377930
62 3287 709.377930
63 3 709.377930
16 3339 739.232971
17 1670 739.232971
18 3318 739.232971
19 1602 739.232971
20 1650 739.232971
21 3331 739.232971
22 1639 739.232971
23 4918 739.232971
24 1683 739.232971
25 1657 739.232971
26 1688 739.232971
27 4957 739.232971
28 3346 739.232971
29 0 739.232971
30 1 739.232971
31 0 739.232971
64 4852 739.232971
65 1662 739.232971
66 3218 739.232971
67 1659 739.232971
68 0 739.232971
69 0 739.232971
70 3288 739.232971
71 3293 739.232971
72 1652 739.232971
73 3 739.232971
74 1664 739.232971
75 1 739.232971
76 3248 739.232971
77 1675 739.232971
78 5017 739.232971
79 4944 739.232971
713.047668
