thread nodes time
1280 1693 487.237915
1281 1670 487.237915
1282 0 487.237915
1283 1673 487.237915
1284 1641 487.237915
1285 0 487.237915
1286 3315 487.237915
1287 1640 487.237915
1288 1661 487.237915
1289 1635 487.237915
1290 0 487.237915
1291 1665 487.237915
1292 3 487.237915
1293 1572 487.237915
1294 1619 487.237915
1295 1 487.237915
1328 1632 487.237915
1329 1660 487.237915
1330 0 487.237915
1331 3 487.237915
1332 1643 487.237915
1333 0 487.237915
1334 0 487.237915
1335 1668 487.237915
1336 0 487.237915
1337 1701 487.237915
1338 0 487.237915
1339 0 487.237915
1340 0 487.237915
1341 0 487.237915
1342 1621 487.237915
1343 1635 487.237915
2048 1657 487.549835
2049 3 487.549835
2050 0 487.549835
2051 0 487.549835
2052 3254 487.549835
2053 1651 487.549835
2054 0 487.549835
2055 0 487.549835
2056 3294 487.549835
2057 1657 487.549835
2058 1653 487.549835
2059 3 487.549835
2060 3 487.549835
2061 2 487.549835
2062 0 487.549835
2063 0 487.549835
2096 1648 487.549835
2097 1624 487.549835
2098 1660 487.549835
2099 0 487.549835
2100 0 487.549835
2101 1670 487.549835
2102 1648 487.549835
2103 0 487.549835
2104 1690 487.549835
2105 1647 487.549835
2106 1556 487.549835
2107 3261 487.549835
2108 1714 487.549835
2109 1681 487.549835
2110 0 487.549835
2111 1 487.549835
896 0 487.952942
897 3312 487.952942
898 1642 487.952942
899 0 487.952942
900 1 487.952942
901 0 487.952942
902 1637 487.952942
903 0 487.952942
904 0 487.952942
905 0 487.952942
906 1 487.952942
907 0 487.952942
908 0 487.952942
909 3271 487.952942
910 1661 487.952942
911 1640 487.952942
944 3310 487.952942
945 1639 487.952942
946 1701 487.952942
947 3296 487.952942
948 0 487.952942
949 0 487.952942
950 1 487.952942
951 1628 487.952942
952 1593 487.952942
953 1689 487.952942
954 1663 487.952942
955 0 487.952942
956 1 487.952942
957 1661 487.952942
958 1617 487.952942
959 0 487.952942
32 1659 489.631042
33 1 489.631042
34 0 489.631042
35 0 489.631042
36 1662 489.631042
37 0 489.631042
38 1659 489.631042
39 0 489.631042
40 1710 489.631042
41 1643 489.631042
42 0 489.631042
43 1601 489.631042
44 3329 489.631042
45 3369 489.631042
46 0 489.631042
47 0 489.631042
80 1650 489.631042
81 1668 489.631042
82 0 489.631042
83 1640 489.631042
84 1668 489.631042
85 0 489.631042
86 0 489.631042
87 1630 489.631042
88 4 489.631042
89 1627 489.631042
90 1679 489.631042
91 1675 489.631042
92 1 489.631042
93 18 489.631042
94 1616 489.631042
95 1625 489.631042
672 1638 489.029175
673 0 489.029175
674 0 489.029175
675 1588 489.029175
676 1644 489.029175
677 3363 489.029175
678 1650 489.029175
679 0 489.029175
680 0 489.029175
681 1665 489.029175
682 1650 489.029175
683 0 489.029175
684 1563 489.029175
685 0 489.029175
686 1 489.029175
687 3273 489.029175
720 0 489.029175
721 1636 489.029175
722 1662 489.029175
723 0 489.029175
724 0 489.029175
725 0 489.029175
726 3324 489.029175
727 1666 489.029175
728 0 489.029175
729 0 489.029175
730 0 489.029175
731 1674 489.029175
732 1605 489.029175
733 1634 489.029175
734 4 489.029175
735 3337 489.029175
1760 1651 493.693695
1761 1 493.693695
1762 3333 493.693695
1763 1668 493.693695
1764 0 493.693695
1765 1 493.693695
1766 1654 493.693695
1767 3233 493.693695
1768 1 493.693695
1769 2 493.693695
1770 0 493.693695
1771 0 493.693695
1772 1632 493.693695
1773 1 493.693695
1774 1648 493.693695
1775 2 493.693695
1808 0 493.693695
1809 1633 493.693695
1810 1603 493.693695
1811 0 493.693695
1812 0 493.693695
1813 0 493.693695
1814 3322 493.693695
1815 2 493.693695
1816 1628 493.693695
1817 0 493.693695
1818 0 493.693695
1819 1556 493.693695
1820 3276 493.693695
1821 1674 493.693695
1822 0 493.693695
1823 3255 493.693695
2224 0 493.349091
2225 1665 493.349091
2226 1642 493.349091
2227 3255 493.349091
2228 1665 493.349091
2229 1668 493.349091
2230 6 493.349091
2231 1670 493.349091
2232 1629 493.349091
2233 2 493.349091
2234 0 493.349091
2235 2 493.349091
2236 1 493.349091
2237 0 493.349091
2238 2 493.349091
2239 3268 493.349091
2272 3278 493.349091
2273 3198 493.349091
2274 0 493.349091
2275 0 493.349091
2276 1639 493.349091
2277 0 493.349091
2278 2 493.349091
2279 0 493.349091
2280 3317 493.349091
2281 1674 493.349091
2282 0 493.349091
2283 1 493.349091
2284 0 493.349091
2285 1 493.349091
2286 1 493.349091
2287 1646 493.349091
208 0 496.089752
209 1620 496.089752
210 1635 496.089752
211 0 496.089752
212 1671 496.089752
213 0 496.089752
214 0 496.089752
215 0 496.089752
216 0 496.089752
217 1631 496.089752
218 1657 496.089752
219 1705 496.089752
220 1 496.089752
221 0 496.089752
222 1582 496.089752
223 1604 496.089752
256 0 496.089752
257 3286 496.089752
258 0 496.089752
259 3305 496.089752
260 1605 496.089752
261 3324 496.089752
262 1642 496.089752
263 1684 496.089752
264 1694 496.089752
265 0 496.089752
266 0 496.089752
267 1575 496.089752
268 1629 496.089752
269 1 496.089752
270 1638 496.089752
271 1 496.089752
880 0 496.280487
881 0 496.280487
882 0 496.280487
883 4 496.280487
884 3297 496.280487
885 1696 496.280487
886 1653 496.280487
887 1670 496.280487
888 0 496.280487
889 1 496.280487
890 1652 496.280487
891 3282 496.280487
892 3276 496.280487
893 0 496.280487
894 1649 496.280487
895 0 496.280487
928 1619 496.280487
929 5 496.280487
930 0 496.280487
931 0 496.280487
932 12 496.280487
933 1637 496.280487
934 0 496.280487
935 0 496.280487
936 3351 496.280487
937 0 496.280487
938 0 496.280487
939 3303 496.280487
940 1628 496.280487
941 1 496.280487
942 1631 496.280487
943 0 496.280487
1376 0 498.930481
1377 1614 498.930481
1378 1 498.930481
1379 0 498.930481
1380 1619 498.930481
1381 0 498.930481
1382 1 498.930481
1383 0 498.930481
1384 0 498.930481
1385 3358 498.930481
1386 0 498.930481
1387 0 498.930481
1388 3305 498.930481
1389 1656 498.930481
1390 3325 498.930481
1391 1610 498.930481
1424 1 498.930481
1425 1677 498.930481
1426 2 498.930481
1427 3 498.930481
1428 1681 498.930481
1429 1651 498.930481
1430 0 498.930481
1431 1638 498.930481
1432 1685 498.930481
1433 2 498.930481
1434 1696 498.930481
1435 0 498.930481
1436 3324 498.930481
1437 1597 498.930481
1438 0 498.930481
1439 0 498.930481
480 3 498.105499
481 1700 498.105499
482 1626 498.105499
483 1660 498.105499
484 3352 498.105499
485 0 498.105499
486 1671 498.105499
487 1664 498.105499
488 1563 498.105499
489 1 498.105499
490 1672 498.105499
491 1669 498.105499
492 1678 498.105499
493 1632 498.105499
494 3292 498.105499
495 0 498.105499
528 3296 498.105499
529 11 498.105499
530 3295 498.105499
531 0 498.105499
532 1 498.105499
533 1589 498.105499
534 3299 498.105499
535 0 498.105499
536 0 498.105499
537 0 498.105499
538 2 498.105499
539 1659 498.105499
540 0 498.105499
541 1657 498.105499
542 1689 498.105499
543 0 498.105499
1568 0 500.739807
1569 1652 500.739807
1570 1 500.739807
1571 1625 500.739807
1572 1664 500.739807
1573 1695 500.739807
1574 1630 500.739807
1575 3237 500.739807
1576 0 500.739807
1577 0 500.739807
1578 0 500.739807
1579 1589 500.739807
1580 1668 500.739807
1581 0 500.739807
1582 1629 500.739807
1583 1624 500.739807
1616 1624 500.739807
1617 1669 500.739807
1618 4 500.739807
1619 0 500.739807
1620 1663 500.739807
1621 1650 500.739807
1622 1600 500.739807
1623 1691 500.739807
1624 0 500.739807
1625 1611 500.739807
1626 0 500.739807
1627 0 500.739807
1628 1640 500.739807
1629 1679 500.739807
1630 0 500.739807
1631 1670 500.739807
2032 1574 501.332062
2033 3294 501.332062
2034 1705 501.332062
2035 1688 501.332062
2036 4918 501.332062
2037 2 501.332062
2038 1 501.332062
2039 1639 501.332062
2040 0 501.332062
2041 1658 501.332062
2042 1663 501.332062
2043 1 501.332062
2044 0 501.332062
2045 3350 501.332062
2046 0 501.332062
2047 1 501.332062
2080 1659 501.332062
2081 3 501.332062
2082 1627 501.332062
2083 0 501.332062
2084 1638 501.332062
2085 0 501.332062
2086 1641 501.332062
2087 6 501.332062
2088 1 501.332062
2089 1607 501.332062
2090 3349 501.332062
2091 1 501.332062
2092 0 501.332062
2093 0 501.332062
2094 0 501.332062
2095 0 501.332062
864 6 503.038269
865 1568 503.038269
866 1635 503.038269
867 1 503.038269
868 1566 503.038269
869 1683 503.038269
870 1668 503.038269
871 1 503.038269
872 0 503.038269
873 0 503.038269
874 0 503.038269
875 0 503.038269
876 1699 503.038269
877 0 503.038269
878 1624 503.038269
879 1642 503.038269
912 1653 503.038269
913 1632 503.038269
914 1633 503.038269
915 1 503.038269
916 1655 503.038269
917 3228 503.038269
918 1653 503.038269
919 0 503.038269
920 3350 503.038269
921 1643 503.038269
922 1648 503.038269
923 1611 503.038269
924 1651 503.038269
925 0 503.038269
926 0 503.038269
927 0 503.038269
1248 1673 504.183105
1249 1626 504.183105
1250 3348 504.183105
1251 0 504.183105
1252 0 504.183105
1253 0 504.183105
1254 1635 504.183105
1255 2 504.183105
1256 3 504.183105
1257 1 504.183105
1258 0 504.183105
1259 3344 504.183105
1260 1 504.183105
1261 1630 504.183105
1262 1677 504.183105
1263 1638 504.183105
1296 2 504.183105
1297 1 504.183105
1298 1612 504.183105
1299 1682 504.183105
1300 0 504.183105
1301 0 504.183105
1302 0 504.183105
1303 2 504.183105
1304 1714 504.183105
1305 3422 504.183105
1306 1638 504.183105
1307 3363 504.183105
1308 0 504.183105
1309 1690 504.183105
1310 1 504.183105
1311 1604 504.183105
608 1692 507.225464
609 3 507.225464
610 1663 507.225464
611 1628 507.225464
612 1622 507.225464
613 1620 507.225464
614 0 507.225464
615 0 507.225464
616 1 507.225464
617 1590 507.225464
618 3 507.225464
619 1661 507.225464
620 0 507.225464
621 1649 507.225464
622 1675 507.225464
623 1577 507.225464
656 2 507.225464
657 1716 507.225464
658 1713 507.225464
659 0 507.225464
660 1580 507.225464
661 5 507.225464
662 1607 507.225464
663 0 507.225464
664 1638 507.225464
665 0 507.225464
666 2 507.225464
667 3257 507.225464
668 3352 507.225464
669 3281 507.225464
670 2 507.225464
671 0 507.225464
1056 0 509.071625
1057 0 509.071625
1058 1676 509.071625
1059 1690 509.071625
1060 5075 509.071625
1061 1644 509.071625
1062 0 509.071625
1063 1657 509.071625
1064 1 509.071625
1065 1 509.071625
1066 0 509.071625
1067 3227 509.071625
1068 1640 509.071625
1069 0 509.071625
1070 3337 509.071625
1071 1591 509.071625
1104 1679 509.071625
1105 1609 509.071625
1106 0 509.071625
1107 1658 509.071625
1108 0 509.071625
1109 1 509.071625
1110 1668 509.071625
1111 1653 509.071625
1112 1 509.071625
1113 0 509.071625
1114 0 509.071625
1115 1 509.071625
1116 1650 509.071625
1117 3280 509.071625
1118 0 509.071625
1119 0 509.071625
128 1597 510.962433
129 0 510.962433
130 0 510.962433
131 0 510.962433
132 0 510.962433
133 2 510.962433
134 0 510.962433
135 1 510.962433
136 0 510.962433
137 1 510.962433
138 1638 510.962433
139 0 510.962433
140 1 510.962433
141 0 510.962433
142 1 510.962433
143 5 510.962433
176 3328 510.962433
177 1 510.962433
178 1 510.962433
179 1645 510.962433
180 0 510.962433
181 0 510.962433
182 3289 510.962433
183 3269 510.962433
184 1677 510.962433
185 1629 510.962433
186 1576 510.962433
187 1674 510.962433
188 1 510.962433
189 1655 510.962433
190 1612 510.962433
191 4916 510.962433
2240 1673 511.315582
2241 3270 511.315582
2242 1650 511.315582
2243 1619 511.315582
2244 1604 511.315582
2245 0 511.315582
2246 0 511.315582
2247 0 511.315582
2248 1615 511.315582
2249 1683 511.315582
2250 1648 511.315582
2251 0 511.315582
2252 0 511.315582
2253 1663 511.315582
2254 2 511.315582
2255 0 511.315582
2288 0 511.315582
2289 0 511.315582
2290 3302 511.315582
2291 1629 511.315582
2292 2 511.315582
2293 1662 511.315582
2294 1 511.315582
2295 1649 511.315582
2296 1619 511.315582
2297 3219 511.315582
2298 1660 511.315582
2299 0 511.315582
2300 0 511.315582
2301 1679 511.315582
2302 1700 511.315582
2303 1603 511.315582
192 1631 510.829559
193 1634 510.829559
194 1606 510.829559
195 1662 510.829559
196 3354 510.829559
197 1658 510.829559
198 1 510.829559
199 0 510.829559
200 0 510.829559
201 1674 510.829559
202 1586 510.829559
203 1630 510.829559
204 1594 510.829559
205 0 510.829559
206 1616 510.829559
207 1661 510.829559
240 0 510.829559
241 0 510.829559
242 0 510.829559
243 3146 510.829559
244 0 510.829559
245 1656 510.829559
246 0 510.829559
247 3272 510.829559
248 1651 510.829559
249 3 510.829559
250 1653 510.829559
251 4 510.829559
252 2 510.829559
253 1660 510.829559
254 3363 510.829559
255 0 510.829559
992 3228 514.009338
993 0 514.009338
994 0 514.009338
995 1673 514.009338
996 1673 514.009338
997 1636 514.009338
998 0 514.009338
999 3300 514.009338
1000 1 514.009338
1001 1719 514.009338
1002 0 514.009338
1003 1652 514.009338
1004 1681 514.009338
1005 1690 514.009338
1006 0 514.009338
1007 1 514.009338
1040 1659 514.009338
1041 6 514.009338
1042 1657 514.009338
1043 9 514.009338
1044 3320 514.009338
1045 0 514.009338
1046 0 514.009338
1047 0 514.009338
1048 1721 514.009338
1049 0 514.009338
1050 0 514.009338
1051 1636 514.009338
1052 1675 514.009338
1053 3294 514.009338
1054 1629 514.009338
1055 1668 514.009338
1648 3362 512.491089
1649 2 512.491089
1650 3332 512.491089
1651 1627 512.491089
1652 0 512.491089
1653 1633 512.491089
1654 0 512.491089
1655 1 512.491089
1656 1679 512.491089
1657 3307 512.491089
1658 1613 512.491089
1659 0 512.491089
1660 0 512.491089
1661 1623 512.491089
1662 1 512.491089
1663 0 512.491089
1696 0 512.491089
1697 0 512.491089
1698 0 512.491089
1699 1 512.491089
1700 1673 512.491089
1701 0 512.491089
1702 0 512.491089
1703 1 512.491089
1704 1670 512.491089
1705 1663 512.491089
1706 1 512.491089
1707 4897 512.491089
1708 3308 512.491089
1709 2 512.491089
1710 1662 512.491089
1711 1 512.491089
1952 3 515.041077
1953 1 515.041077
1954 1670 515.041077
1955 1 515.041077
1956 1 515.041077
1957 0 515.041077
1958 3362 515.041077
1959 1652 515.041077
1960 1653 515.041077
1961 8 515.041077
1962 0 515.041077
1963 1650 515.041077
1964 1587 515.041077
1965 3233 515.041077
1966 0 515.041077
1967 1546 515.041077
2000 3304 515.041077
2001 1651 515.041077
2002 0 515.041077
2003 1659 515.041077
2004 0 515.041077
2005 1 515.041077
2006 1 515.041077
2007 0 515.041077
2008 0 515.041077
2009 2 515.041077
2010 1653 515.041077
2011 0 515.041077
2012 1611 515.041077
2013 3377 515.041077
2014 4 515.041077
2015 1657 515.041077
384 1609 513.639954
385 1672 513.639954
386 1623 513.639954
387 2 513.639954
388 0 513.639954
389 0 513.639954
390 0 513.639954
391 0 513.639954
392 1650 513.639954
393 1689 513.639954
394 3285 513.639954
395 3406 513.639954
396 0 513.639954
397 1643 513.639954
398 1637 513.639954
399 3326 513.639954
432 12 513.639954
433 0 513.639954
434 1 513.639954
435 0 513.639954
436 6 513.639954
437 1620 513.639954
438 1668 513.639954
439 1659 513.639954
440 1634 513.639954
441 0 513.639954
442 1615 513.639954
443 1679 513.639954
444 1698 513.639954
445 0 513.639954
446 1634 513.639954
447 0 513.639954
1664 3258 521.387146
1665 1 521.387146
1666 1 521.387146
1667 0 521.387146
1668 0 521.387146
1669 1670 521.387146
1670 1648 521.387146
1671 1657 521.387146
1672 1645 521.387146
1673 0 521.387146
1674 0 521.387146
1675 0 521.387146
1676 4996 521.387146
1677 3334 521.387146
1678 1 521.387146
1679 1657 521.387146
1712 1674 521.387146
1713 1660 521.387146
1714 1627 521.387146
1715 0 521.387146
1716 1 521.387146
1717 0 521.387146
1718 1699 521.387146
1719 0 521.387146
1720 1700 521.387146
1721 1641 521.387146
1722 1666 521.387146
1723 1641 521.387146
1724 1694 521.387146
1725 1621 521.387146
1726 0 521.387146
1727 0 521.387146
688 0 520.555725
689 1563 520.555725
690 1 520.555725
691 2 520.555725
692 1632 520.555725
693 5 520.555725
694 1652 520.555725
695 1708 520.555725
696 1762 520.555725
697 1 520.555725
698 3317 520.555725
699 1670 520.555725
700 1684 520.555725
701 2 520.555725
702 1715 520.555725
703 4 520.555725
736 1633 520.555725
737 1684 520.555725
738 8 520.555725
739 1617 520.555725
740 1657 520.555725
741 3284 520.555725
742 1658 520.555725
743 1649 520.555725
744 1 520.555725
745 1658 520.555725
746 1667 520.555725
747 5002 520.555725
748 0 520.555725
749 1703 520.555725
750 1 520.555725
751 2 520.555725
1856 1628 523.105347
1857 0 523.105347
1858 0 523.105347
1859 2 523.105347
1860 1650 523.105347
1861 1635 523.105347
1862 0 523.105347
1863 3284 523.105347
1864 1682 523.105347
1865 0 523.105347
1866 1 523.105347
1867 1 523.105347
1868 1664 523.105347
1869 1642 523.105347
1870 1666 523.105347
1871 1575 523.105347
1904 0 523.105347
1905 1646 523.105347
1906 1673 523.105347
1907 1666 523.105347
1908 1623 523.105347
1909 1654 523.105347
1910 1654 523.105347
1911 1 523.105347
1912 3 523.105347
1913 0 523.105347
1914 1670 523.105347
1915 1662 523.105347
1916 3 523.105347
1917 1702 523.105347
1918 1636 523.105347
1919 1 523.105347
320 1631 523.649292
321 3298 523.649292
322 0 523.649292
323 0 523.649292
324 3217 523.649292
325 3302 523.649292
326 3348 523.649292
327 0 523.649292
328 1613 523.649292
329 0 523.649292
330 1639 523.649292
331 1619 523.649292
332 3354 523.649292
333 1544 523.649292
334 3 523.649292
335 5 523.649292
368 1693 523.649292
369 1669 523.649292
370 1658 523.649292
371 6 523.649292
372 0 523.649292
373 0 523.649292
374 0 523.649292
375 1685 523.649292
376 1690 523.649292
377 1651 523.649292
378 1652 523.649292
379 0 523.649292
380 1583 523.649292
381 0 523.649292
382 0 523.649292
383 1636 523.649292
1824 0 523.123901
1825 0 523.123901
1826 1654 523.123901
1827 1616 523.123901
1828 0 523.123901
1829 1625 523.123901
1830 3305 523.123901
1831 0 523.123901
1832 1 523.123901
1833 1 523.123901
1834 0 523.123901
1835 0 523.123901
1836 0 523.123901
1837 0 523.123901
1838 0 523.123901
1839 3275 523.123901
1872 1564 523.123901
1873 3269 523.123901
1874 0 523.123901
1875 0 523.123901
1876 3362 523.123901
1877 3 523.123901
1878 1 523.123901
1879 3311 523.123901
1880 0 523.123901
1881 1668 523.123901
1882 3321 523.123901
1883 1702 523.123901
1884 0 523.123901
1885 4997 523.123901
1886 1641 523.123901
1887 1616 523.123901
1632 0 523.169861
1633 1 523.169861
1634 0 523.169861
1635 1664 523.169861
1636 1606 523.169861
1637 1645 523.169861
1638 0 523.169861
1639 3254 523.169861
1640 1 523.169861
1641 0 523.169861
1642 3276 523.169861
1643 1 523.169861
1644 1715 523.169861
1645 0 523.169861
1646 1605 523.169861
1647 0 523.169861
1680 0 523.169861
1681 0 523.169861
1682 1591 523.169861
1683 3260 523.169861
1684 1667 523.169861
1685 1590 523.169861
1686 1685 523.169861
1687 0 523.169861
1688 3249 523.169861
1689 1576 523.169861
1690 0 523.169861
1691 1577 523.169861
1692 1664 523.169861
1693 0 523.169861
1694 1653 523.169861
1695 0 523.169861
1552 3279 525.137451
1553 0 525.137451
1554 1691 525.137451
1555 1682 525.137451
1556 0 525.137451
1557 1680 525.137451
1558 1634 525.137451
1559 1618 525.137451
1560 1653 525.137451
1561 1 525.137451
1562 3299 525.137451
1563 0 525.137451
1564 0 525.137451
1565 1595 525.137451
1566 1680 525.137451
1567 0 525.137451
1600 2 525.137451
1601 0 525.137451
1602 1693 525.137451
1603 3343 525.137451
1604 1624 525.137451
1605 3284 525.137451
1606 0 525.137451
1607 0 525.137451
1608 1665 525.137451
1609 0 525.137451
1610 3296 525.137451
1611 1668 525.137451
1612 0 525.137451
1613 0 525.137451
1614 3343 525.137451
1615 1620 525.137451
512 0 529.070374
513 0 529.070374
514 1632 529.070374
515 2 529.070374
516 2 529.070374
517 3 529.070374
518 0 529.070374
519 0 529.070374
520 0 529.070374
521 4 529.070374
522 3332 529.070374
523 1 529.070374
524 1665 529.070374
525 0 529.070374
526 0 529.070374
527 3318 529.070374
560 0 529.070374
561 1651 529.070374
562 0 529.070374
563 3298 529.070374
564 1674 529.070374
565 3268 529.070374
566 1587 529.070374
567 3310 529.070374
568 0 529.070374
569 1587 529.070374
570 0 529.070374
571 1694 529.070374
572 1633 529.070374
573 1661 529.070374
574 4970 529.070374
575 1676 529.070374
0 8 530.040222
1 1639 530.040222
2 1666 530.040222
3 0 530.040222
4 3222 530.040222
5 1682 530.040222
6 0 530.040222
7 0 530.040222
8 1 530.040222
9 1646 530.040222
10 3333 530.040222
11 3293 530.040222
12 1 530.040222
13 2 530.040222
14 2 530.040222
15 4 530.040222
48 0 530.040222
49 1633 530.040222
50 0 530.040222
51 1681 530.040222
52 1614 530.040222
53 0 530.040222
54 0 530.040222
55 4 530.040222
56 1677 530.040222
57 1644 530.040222
58 3330 530.040222
59 3333 530.040222
60 1 530.040222
61 1648 530.040222
62 1643 530.040222
63 3217 530.040222
1440 1590 530.408752
1441 1 530.408752
1442 3265 530.408752
1443 1581 530.408752
1444 1624 530.408752
1445 3236 530.408752
1446 1 530.408752
1447 0 530.408752
1448 0 530.408752
1449 0 530.408752
1450 1648 530.408752
1451 6 530.408752
1452 1619 530.408752
1453 1601 530.408752
1454 0 530.408752
1455 0 530.408752
1488 1627 530.408752
1489 0 530.408752
1490 3291 530.408752
1491 1 530.408752
1492 3277 530.408752
1493 1619 530.408752
1494 1607 530.408752
1495 2 530.408752
1496 0 530.408752
1497 2 530.408752
1498 1669 530.408752
1499 0 530.408752
1500 6 530.408752
1501 3334 530.408752
1502 3328 530.408752
1503 1695 530.408752
1344 1642 531.079590
1345 3301 531.079590
1346 1 531.079590
1347 1575 531.079590
1348 1660 531.079590
1349 1 531.079590
1350 3337 531.079590
1351 1670 531.079590
1352 0 531.079590
1353 3233 531.079590
1354 1663 531.079590
1355 1 531.079590
1356 3379 531.079590
1357 1640 531.079590
1358 0 531.079590
1359 0 531.079590
1392 0 531.079590
1393 3366 531.079590
1394 0 531.079590
1395 1678 531.079590
1396 0 531.079590
1397 3294 531.079590
1398 3 531.079590
1399 1587 531.079590
1400 1628 531.079590
1401 1625 531.079590
1402 0 531.079590
1403 1608 531.079590
1404 0 531.079590
1405 9 531.079590
1406 1668 531.079590
1407 0 531.079590
1152 0 532.087158
1153 1702 532.087158
1154 3268 532.087158
1155 3 532.087158
1156 2 532.087158
1157 1630 532.087158
1158 0 532.087158
1159 0 532.087158
1160 0 532.087158
1161 1618 532.087158
1162 1639 532.087158
1163 0 532.087158
1164 2 532.087158
1165 1650 532.087158
1166 1637 532.087158
1167 2 532.087158
1200 0 532.087158
1201 1661 532.087158
1202 2 532.087158
1203 0 532.087158
1204 3305 532.087158
1205 3368 532.087158
1206 0 532.087158
1207 0 532.087158
1208 2 532.087158
1209 2 532.087158
1210 0 532.087158
1211 1654 532.087158
1212 3333 532.087158
1213 3360 532.087158
1214 1644 532.087158
1215 1676 532.087158
96 0 533.465881
97 4868 533.465881
98 1703 533.465881
99 0 533.465881
100 1643 533.465881
101 2 533.465881
102 1661 533.465881
103 0 533.465881
104 3315 533.465881
105 1660 533.465881
106 0 533.465881
107 1678 533.465881
108 1 533.465881
109 0 533.465881
110 1672 533.465881
111 1608 533.465881
144 1652 533.465881
145 3313 533.465881
146 3344 533.465881
147 1 533.465881
148 0 533.465881
149 1647 533.465881
150 1671 533.465881
151 1635 533.465881
152 0 533.465881
153 1601 533.465881
154 1 533.465881
155 1665 533.465881
156 0 533.465881
157 0 533.465881
158 1696 533.465881
159 0 533.465881
1936 1 534.123901
1937 0 534.123901
1938 0 534.123901
1939 3346 534.123901
1940 1675 534.123901
1941 1 534.123901
1942 2 534.123901
1943 1 534.123901
1944 0 534.123901
1945 3369 534.123901
1946 1639 534.123901
1947 3373 534.123901
1948 0 534.123901
1949 4 534.123901
1950 0 534.123901
1951 0 534.123901
1984 1652 534.123901
1985 0 534.123901
1986 1671 534.123901
1987 1624 534.123901
1988 1701 534.123901
1989 1677 534.123901
1990 1 534.123901
1991 1658 534.123901
1992 0 534.123901
1993 3 534.123901
1994 3241 534.123901
1995 1 534.123901
1996 4886 534.123901
1997 1 534.123901
1998 0 534.123901
1999 0 534.123901
704 3240 536.617615
705 1631 536.617615
706 1671 536.617615
707 1 536.617615
708 1695 536.617615
709 0 536.617615
710 3296 536.617615
711 1644 536.617615
712 0 536.617615
713 1 536.617615
714 8 536.617615
715 3288 536.617615
716 1681 536.617615
717 1662 536.617615
718 1567 536.617615
719 1592 536.617615
752 0 536.617615
753 1689 536.617615
754 1645 536.617615
755 1619 536.617615
756 3334 536.617615
757 1 536.617615
758 1586 536.617615
759 0 536.617615
760 1692 536.617615
761 0 536.617615
762 1 536.617615
763 0 536.617615
764 0 536.617615
765 0 536.617615
766 1700 536.617615
767 1648 536.617615
592 1702 536.372925
593 1 536.372925
594 1615 536.372925
595 4959 536.372925
596 1 536.372925
597 0 536.372925
598 3295 536.372925
599 0 536.372925
600 2 536.372925
601 1 536.372925
602 3274 536.372925
603 3238 536.372925
604 0 536.372925
605 1701 536.372925
606 2 536.372925
607 1613 536.372925
640 12 536.372925
641 1620 536.372925
642 0 536.372925
643 0 536.372925
644 1634 536.372925
645 3244 536.372925
646 3345 536.372925
647 1689 536.372925
648 1570 536.372925
649 1634 536.372925
650 0 536.372925
651 1 536.372925
652 1686 536.372925
653 0 536.372925
654 0 536.372925
655 1663 536.372925
1456 0 537.073181
1457 1655 537.073181
1458 3289 537.073181
1459 0 537.073181
1460 3195 537.073181
1461 1658 537.073181
1462 1657 537.073181
1463 1693 537.073181
1464 0 537.073181
1465 0 537.073181
1466 0 537.073181
1467 1629 537.073181
1468 1673 537.073181
1469 6 537.073181
1470 1 537.073181
1471 6 537.073181
1504 3256 537.073181
1505 3226 537.073181
1506 1645 537.073181
1507 3229 537.073181
1508 3297 537.073181
1509 1650 537.073181
1510 1582 537.073181
1511 2 537.073181
1512 1703 537.073181
1513 1561 537.073181
1514 0 537.073181
1515 1627 537.073181
1516 1647 537.073181
1517 1637 537.073181
1518 0 537.073181
1519 1646 537.073181
288 1673 541.984375
289 1695 541.984375
290 1670 541.984375
291 3305 541.984375
292 3254 541.984375
293 0 541.984375
294 1619 541.984375
295 3321 541.984375
296 1 541.984375
297 1 541.984375
298 1666 541.984375
299 1624 541.984375
300 1627 541.984375
301 1660 541.984375
302 1620 541.984375
303 3292 541.984375
336 2 541.984375
337 1660 541.984375
338 0 541.984375
339 0 541.984375
340 1654 541.984375
341 0 541.984375
342 0 541.984375
343 1 541.984375
344 2 541.984375
345 0 541.984375
346 1656 541.984375
347 1 541.984375
348 3344 541.984375
349 1667 541.984375
350 0 541.984375
351 1674 541.984375
1184 1640 548.301819
1185 1669 548.301819
1186 2 548.301819
1187 1668 548.301819
1188 1677 548.301819
1189 1664 548.301819
1190 1601 548.301819
1191 0 548.301819
1192 1641 548.301819
1193 1658 548.301819
1194 1621 548.301819
1195 0 548.301819
1196 1 548.301819
1197 0 548.301819
1198 1637 548.301819
1199 1 548.301819
1232 1654 548.301819
1233 7 548.301819
1234 3320 548.301819
1235 0 548.301819
1236 3 548.301819
1237 0 548.301819
1238 1658 548.301819
1239 1686 548.301819
1240 1648 548.301819
1241 0 548.301819
1242 1670 548.301819
1243 1594 548.301819
1244 3336 548.301819
1245 1647 548.301819
1246 0 548.301819
1247 1653 548.301819
784 0 546.361389
785 0 546.361389
786 3224 546.361389
787 2 546.361389
788 0 546.361389
789 3248 546.361389
790 1655 546.361389
791 1691 546.361389
792 1666 546.361389
793 1 546.361389
794 0 546.361389
795 1688 546.361389
796 0 546.361389
797 3312 546.361389
798 1 546.361389
799 1691 546.361389
832 1683 546.361389
833 1698 546.361389
834 0 546.361389
835 1628 546.361389
836 3303 546.361389
837 1614 546.361389
838 0 546.361389
839 3321 546.361389
840 3313 546.361389
841 0 546.361389
842 1676 546.361389
843 0 546.361389
844 0 546.361389
845 0 546.361389
846 1654 546.361389
847 1601 546.361389
2016 1659 547.279358
2017 0 547.279358
2018 3374 547.279358
2019 0 547.279358
2020 1593 547.279358
2021 1565 547.279358
2022 3346 547.279358
2023 0 547.279358
2024 2 547.279358
2025 1697 547.279358
2026 1687 547.279358
2027 0 547.279358
2028 1643 547.279358
2029 0 547.279358
2030 0 547.279358
2031 1 547.279358
2064 1692 547.279358
2065 1657 547.279358
2066 3 547.279358
2067 0 547.279358
2068 1 547.279358
2069 1627 547.279358
2070 1659 547.279358
2071 4991 547.279358
2072 0 547.279358
2073 1 547.279358
2074 0 547.279358
2075 1693 547.279358
2076 24 547.279358
2077 1684 547.279358
2078 1635 547.279358
2079 1640 547.279358
1360 1600 547.871765
1361 0 547.871765
1362 5 547.871765
1363 0 547.871765
1364 0 547.871765
1365 0 547.871765
1366 1642 547.871765
1367 3220 547.871765
1368 1665 547.871765
1369 3260 547.871765
1370 1618 547.871765
1371 1 547.871765
1372 1705 547.871765
1373 0 547.871765
1374 0 547.871765
1375 0 547.871765
1408 0 547.871765
1409 1 547.871765
1410 1668 547.871765
1411 1 547.871765
1412 0 547.871765
1413 0 547.871765
1414 0 547.871765
1415 1601 547.871765
1416 0 547.871765
1417 1 547.871765
1418 1656 547.871765
1419 1587 547.871765
1420 1627 547.871765
1421 3316 547.871765
1422 3337 547.871765
1423 4951 547.871765
576 1688 549.832886
577 1 549.832886
578 0 549.832886
579 0 549.832886
580 1650 549.832886
581 1634 549.832886
582 1 549.832886
583 2 549.832886
584 1637 549.832886
585 1641 549.832886
586 1671 549.832886
587 1667 549.832886
588 0 549.832886
589 1641 549.832886
590 1598 549.832886
591 3285 549.832886
624 1638 549.832886
625 1642 549.832886
626 1 549.832886
627 1630 549.832886
628 0 549.832886
629 3278 549.832886
630 0 549.832886
631 1691 549.832886
632 0 549.832886
633 2 549.832886
634 0 549.832886
635 0 549.832886
636 3339 549.832886
637 1676 549.832886
638 1664 549.832886
639 0 549.832886
768 0 551.856628
769 1641 551.856628
770 2 551.856628
771 5 551.856628
772 4876 551.856628
773 1688 551.856628
774 1622 551.856628
775 0 551.856628
776 1591 551.856628
777 1663 551.856628
778 1600 551.856628
779 1631 551.856628
780 0 551.856628
781 1616 551.856628
782 3282 551.856628
783 3 551.856628
816 3286 551.856628
817 3272 551.856628
818 3289 551.856628
819 3271 551.856628
820 0 551.856628
821 1640 551.856628
822 2 551.856628
823 0 551.856628
824 1680 551.856628
825 0 551.856628
826 0 551.856628
827 0 551.856628
828 1651 551.856628
829 0 551.856628
830 1697 551.856628
831 4 551.856628
1264 0 552.205627
1265 1655 552.205627
1266 1650 552.205627
1267 0 552.205627
1268 3 552.205627
1269 5 552.205627
1270 1 552.205627
1271 1630 552.205627
1272 3339 552.205627
1273 1667 552.205627
1274 0 552.205627
1275 1634 552.205627
1276 1668 552.205627
1277 1674 552.205627
1278 1662 552.205627
1279 1671 552.205627
1312 1613 552.205627
1313 1594 552.205627
1314 1 552.205627
1315 1 552.205627
1316 3274 552.205627
1317 3245 552.205627
1318 1583 552.205627
1319 3336 552.205627
1320 1621 552.205627
1321 3369 552.205627
1322 4899 552.205627
1323 3 552.205627
1324 1627 552.205627
1325 1669 552.205627
1326 1624 552.205627
1327 0 552.205627
1728 5 553.527405
1729 1605 553.527405
1730 1629 553.527405
1731 4 553.527405
1732 1659 553.527405
1733 1618 553.527405
1734 0 553.527405
1735 0 553.527405
1736 3223 553.527405
1737 2 553.527405
1738 1683 553.527405
1739 1657 553.527405
1740 1616 553.527405
1741 1634 553.527405
1742 1647 553.527405
1743 1672 553.527405
1776 3295 553.527405
1777 3373 553.527405
1778 3267 553.527405
1779 1657 553.527405
1780 3232 553.527405
1781 0 553.527405
1782 1 553.527405
1783 3204 553.527405
1784 1626 553.527405
1785 0 553.527405
1786 0 553.527405
1787 0 553.527405
1788 0 553.527405
1789 0 553.527405
1790 1645 553.527405
1791 1 553.527405
1840 7 556.662781
1841 5 556.662781
1842 0 556.662781
1843 1636 556.662781
1844 3218 556.662781
1845 1625 556.662781
1846 3305 556.662781
1847 1671 556.662781
1848 1679 556.662781
1849 1 556.662781
1850 3297 556.662781
1851 0 556.662781
1852 3280 556.662781
1853 1640 556.662781
1854 1694 556.662781
1855 4 556.662781
1888 1615 556.662781
1889 0 556.662781
1890 0 556.662781
1891 3304 556.662781
1892 2 556.662781
1893 0 556.662781
1894 1668 556.662781
1895 1 556.662781
1896 1660 556.662781
1897 1600 556.662781
1898 0 556.662781
1899 3298 556.662781
1900 4 556.662781
1901 10 556.662781
1902 0 556.662781
1903 1 556.662781
1088 1615 561.358643
1089 1683 561.358643
1090 1649 561.358643
1091 1657 561.358643
1092 0 561.358643
1093 1 561.358643
1094 3347 561.358643
1095 1638 561.358643
1096 0 561.358643
1097 0 561.358643
1098 0 561.358643
1099 0 561.358643
1100 4948 561.358643
1101 3358 561.358643
1102 3240 561.358643
1103 3250 561.358643
1136 0 561.358643
1137 1631 561.358643
1138 3278 561.358643
1139 0 561.358643
1140 3342 561.358643
1141 0 561.358643
1142 0 561.358643
1143 2 561.358643
1144 1661 561.358643
1145 0 561.358643
1146 1674 561.358643
1147 1645 561.358643
1148 0 561.358643
1149 0 561.358643
1150 1598 561.358643
1151 2 561.358643
1168 1620 564.117554
1169 1609 564.117554
1170 3294 564.117554
1171 3 564.117554
1172 1 564.117554
1173 3352 564.117554
1174 2 564.117554
1175 1689 564.117554
1176 1686 564.117554
1177 1639 564.117554
1178 1652 564.117554
1179 0 564.117554
1180 0 564.117554
1181 1614 564.117554
1182 1644 564.117554
1183 1663 564.117554
1216 1707 564.117554
1217 0 564.117554
1218 1705 564.117554
1219 1634 564.117554
1220 1661 564.117554
1221 0 564.117554
1222 1639 564.117554
1223 1681 564.117554
1224 3262 564.117554
1225 1636 564.117554
1226 0 564.117554
1227 3333 564.117554
1228 1 564.117554
1229 0 564.117554
1230 3296 564.117554
1231 2 564.117554
1920 0 564.545898
1921 0 564.545898
1922 1656 564.545898
1923 0 564.545898
1924 1685 564.545898
1925 0 564.545898
1926 0 564.545898
1927 1694 564.545898
1928 0 564.545898
1929 0 564.545898
1930 1646 564.545898
1931 1632 564.545898
1932 3302 564.545898
1933 2 564.545898
1934 3327 564.545898
1935 1625 564.545898
1968 1646 564.545898
1969 1652 564.545898
1970 0 564.545898
1971 0 564.545898
1972 1638 564.545898
1973 1670 564.545898
1974 0 564.545898
1975 3281 564.545898
1976 3281 564.545898
1977 1647 564.545898
1978 3248 564.545898
1979 3328 564.545898
1980 0 564.545898
1981 1655 564.545898
1982 0 564.545898
1983 1635 564.545898
16 1679 565.237244
17 1 565.237244
18 1 565.237244
19 0 565.237244
20 0 565.237244
21 0 565.237244
22 2 565.237244
23 0 565.237244
24 1617 565.237244
25 0 565.237244
26 12 565.237244
27 0 565.237244
28 1629 565.237244
29 1684 565.237244
30 2 565.237244
31 0 565.237244
64 1587 565.237244
65 1686 565.237244
66 1617 565.237244
67 2 565.237244
68 1643 565.237244
69 1634 565.237244
70 1652 565.237244
71 3228 565.237244
72 3287 565.237244
73 3299 565.237244
74 1632 565.237244
75 1655 565.237244
76 3314 565.237244
77 1675 565.237244
78 1635 565.237244
79 1667 565.237244
2144 0 568.833069
2145 0 568.833069
2146 3276 568.833069
2147 3304 568.833069
2148 3223 568.833069
2149 0 568.833069
2150 1651 568.833069
2151 0 568.833069
2152 2 568.833069
2153 4833 568.833069
2154 0 568.833069
2155 1676 568.833069
2156 1715 568.833069
2157 0 568.833069
2158 0 568.833069
2159 0 568.833069
2192 1681 568.833069
2193 2 568.833069
2194 1 568.833069
2195 1627 568.833069
2196 1652 568.833069
2197 1653 568.833069
2198 1696 568.833069
2199 1681 568.833069
2200 1672 568.833069
2201 3342 568.833069
2202 3256 568.833069
2203 1585 568.833069
2204 1648 568.833069
2205 1661 568.833069
2206 1647 568.833069
2207 1 568.833069
112 1626 567.380493
113 0 567.380493
114 3275 567.380493
115 3279 567.380493
116 1633 567.380493
117 1 567.380493
118 10 567.380493
119 4959 567.380493
120 4952 567.380493
121 1 567.380493
122 1627 567.380493
123 0 567.380493
124 1 567.380493
125 2 567.380493
126 1 567.380493
127 1 567.380493
160 1 567.380493
161 1 567.380493
162 1718 567.380493
163 2 567.380493
164 0 567.380493
165 2 567.380493
166 1614 567.380493
167 0 567.380493
168 1643 567.380493
169 1645 567.380493
170 0 567.380493
171 3335 567.380493
172 1676 567.380493
173 3318 567.380493
174 2 567.380493
175 2 567.380493
1744 3315 568.264221
1745 0 568.264221
1746 1665 568.264221
1747 0 568.264221
1748 1631 568.264221
1749 0 568.264221
1750 1691 568.264221
1751 1665 568.264221
1752 0 568.264221
1753 0 568.264221
1754 1643 568.264221
1755 2 568.264221
1756 0 568.264221
1757 6 568.264221
1758 8 568.264221
1759 1686 568.264221
1792 3360 568.264221
1793 3228 568.264221
1794 0 568.264221
1795 1 568.264221
1796 0 568.264221
1797 1 568.264221
1798 1628 568.264221
1799 1702 568.264221
1800 1 568.264221
1801 4880 568.264221
1802 1698 568.264221
1803 3256 568.264221
1804 0 568.264221
1805 0 568.264221
1806 1661 568.264221
1807 1580 568.264221
224 0 570.620911
225 0 570.620911
226 0 570.620911
227 1630 570.620911
228 3315 570.620911
229 1662 570.620911
230 0 570.620911
231 1 570.620911
232 4 570.620911
233 1664 570.620911
234 3346 570.620911
235 1665 570.620911
236 1632 570.620911
237 2 570.620911
238 2 570.620911
239 1645 570.620911
272 0 570.620911
273 1593 570.620911
274 1667 570.620911
275 0 570.620911
276 3276 570.620911
277 0 570.620911
278 1649 570.620911
279 3248 570.620911
280 0 570.620911
281 1674 570.620911
282 1687 570.620911
283 1708 570.620911
284 1666 570.620911
285 1661 570.620911
286 0 570.620911
287 3267 570.620911
416 0 571.812012
417 3190 571.812012
418 4949 571.812012
419 3354 571.812012
420 4 571.812012
421 3251 571.812012
422 1660 571.812012
423 1632 571.812012
424 1642 571.812012
425 1625 571.812012
426 1640 571.812012
427 1646 571.812012
428 0 571.812012
429 1645 571.812012
430 2 571.812012
431 3329 571.812012
464 0 571.812012
465 3360 571.812012
466 3283 571.812012
467 1606 571.812012
468 1 571.812012
469 0 571.812012
470 1672 571.812012
471 1599 571.812012
472 1698 571.812012
473 0 571.812012
474 1638 571.812012
475 1697 571.812012
476 1622 571.812012
477 0 571.812012
478 0 571.812012
479 1622 571.812012
2208 1651 569.964050
2209 1587 569.964050
2210 0 569.964050
2211 0 569.964050
2212 1 569.964050
2213 5 569.964050
2214 1622 569.964050
2215 1675 569.964050
2216 1701 569.964050
2217 1675 569.964050
2218 1645 569.964050
2219 1 569.964050
2220 0 569.964050
2221 1709 569.964050
2222 1694 569.964050
2223 1650 569.964050
2256 1689 569.964050
2257 0 569.964050
2258 3295 569.964050
2259 1656 569.964050
2260 1677 569.964050
2261 1663 569.964050
2262 3 569.964050
2263 1 569.964050
2264 4968 569.964050
2265 1692 569.964050
2266 5 569.964050
2267 1650 569.964050
2268 3283 569.964050
2269 1619 569.964050
2270 1588 569.964050
2271 1653 569.964050
960 1600 572.073059
961 1653 572.073059
962 1649 572.073059
963 0 572.073059
964 1681 572.073059
965 1647 572.073059
966 0 572.073059
967 1658 572.073059
968 0 572.073059
969 1688 572.073059
970 0 572.073059
971 1605 572.073059
972 4898 572.073059
973 5005 572.073059
974 0 572.073059
975 2 572.073059
1008 3269 572.073059
1009 0 572.073059
1010 1 572.073059
1011 1627 572.073059
1012 3219 572.073059
1013 0 572.073059
1014 1590 572.073059
1015 1 572.073059
1016 1665 572.073059
1017 0 572.073059
1018 2 572.073059
1019 3352 572.073059
1020 0 572.073059
1021 0 572.073059
1022 0 572.073059
1023 6 572.073059
800 1644 576.777954
801 1676 576.777954
802 3283 576.777954
803 1675 576.777954
804 3217 576.777954
805 3 576.777954
806 1604 576.777954
807 1 576.777954
808 15 576.777954
809 0 576.777954
810 1637 576.777954
811 1644 576.777954
812 2 576.777954
813 1666 576.777954
814 3341 576.777954
815 0 576.777954
848 1677 576.777954
849 1652 576.777954
850 1625 576.777954
851 1598 576.777954
852 1663 576.777954
853 0 576.777954
854 1626 576.777954
855 1683 576.777954
856 3296 576.777954
857 0 576.777954
858 1583 576.777954
859 3321 576.777954
860 1642 576.777954
861 0 576.777954
862 0 576.777954
863 1641 576.777954
1536 1662 576.116516
1537 1674 576.116516
1538 3256 576.116516
1539 3 576.116516
1540 0 576.116516
1541 1651 576.116516
1542 1600 576.116516
1543 1599 576.116516
1544 3383 576.116516
1545 1707 576.116516
1546 1621 576.116516
1547 3407 576.116516
1548 1 576.116516
1549 1673 576.116516
1550 1 576.116516
1551 1601 576.116516
1584 1630 576.116516
1585 1 576.116516
1586 1 576.116516
1587 1645 576.116516
1588 1660 576.116516
1589 1648 576.116516
1590 1627 576.116516
1591 1650 576.116516
1592 0 576.116516
1593 1 576.116516
1594 3326 576.116516
1595 0 576.116516
1596 3315 576.116516
1597 2 576.116516
1598 1 576.116516
1599 1622 576.116516
400 1642 579.124573
401 11 579.124573
402 1605 579.124573
403 0 579.124573
404 3287 579.124573
405 1612 579.124573
406 1677 579.124573
407 1657 579.124573
408 1599 579.124573
409 0 579.124573
410 1688 579.124573
411 1703 579.124573
412 1644 579.124573
413 0 579.124573
414 1643 579.124573
415 1622 579.124573
448 3321 579.124573
449 3301 579.124573
450 1656 579.124573
451 1646 579.124573
452 0 579.124573
453 3254 579.124573
454 1656 579.124573
455 1649 579.124573
456 1665 579.124573
457 1654 579.124573
458 2 579.124573
459 1628 579.124573
460 0 579.124573
461 1625 579.124573
462 1672 579.124573
463 4 579.124573
496 0 580.826599
497 1636 580.826599
498 0 580.826599
499 1634 580.826599
500 1647 580.826599
501 0 580.826599
502 1616 580.826599
503 1599 580.826599
504 3226 580.826599
505 3280 580.826599
506 1633 580.826599
507 1 580.826599
508 1705 580.826599
509 3281 580.826599
510 0 580.826599
511 0 580.826599
544 2 580.826599
545 1595 580.826599
546 0 580.826599
547 0 580.826599
548 1626 580.826599
549 3309 580.826599
550 0 580.826599
551 1630 580.826599
552 1618 580.826599
553 1 580.826599
554 1631 580.826599
555 0 580.826599
556 1666 580.826599
557 3256 580.826599
558 1712 580.826599
559 2 580.826599
304 0 584.455994
305 1679 584.455994
306 0 584.455994
307 1653 584.455994
308 3278 584.455994
309 3306 584.455994
310 1649 584.455994
311 3324 584.455994
312 0 584.455994
313 0 584.455994
314 1662 584.455994
315 0 584.455994
316 1 584.455994
317 0 584.455994
318 0 584.455994
319 0 584.455994
352 1659 584.455994
353 1639 584.455994
354 1673 584.455994
355 0 584.455994
356 3249 584.455994
357 1661 584.455994
358 1639 584.455994
359 3 584.455994
360 3335 584.455994
361 1626 584.455994
362 1612 584.455994
363 4949 584.455994
364 4 584.455994
365 1647 584.455994
366 3306 584.455994
367 1631 584.455994
2112 3313 584.792603
2113 1646 584.792603
2114 0 584.792603
2115 0 584.792603
2116 0 584.792603
2117 1656 584.792603
2118 1634 584.792603
2119 1654 584.792603
2120 1664 584.792603
2121 0 584.792603
2122 3323 584.792603
2123 0 584.792603
2124 0 584.792603
2125 1642 584.792603
2126 1 584.792603
2127 1681 584.792603
2160 1728 584.792603
2161 1703 584.792603
2162 3333 584.792603
2163 1 584.792603
2164 2 584.792603
2165 0 584.792603
2166 1629 584.792603
2167 1654 584.792603
2168 1601 584.792603
2169 0 584.792603
2170 0 584.792603
2171 0 584.792603
2172 3330 584.792603
2173 1670 584.792603
2174 1601 584.792603
2175 1649 584.792603
1072 0 584.938354
1073 2 584.938354
1074 1652 584.938354
1075 1713 584.938354
1076 1699 584.938354
1077 3315 584.938354
1078 1613 584.938354
1079 1656 584.938354
1080 1698 584.938354
1081 1621 584.938354
1082 0 584.938354
1083 3 584.938354
1084 3301 584.938354
1085 3264 584.938354
1086 1543 584.938354
1087 1 584.938354
1120 3353 584.938354
1121 0 584.938354
1122 1670 584.938354
1123 0 584.938354
1124 1674 584.938354
1125 0 584.938354
1126 1591 584.938354
1127 0 584.938354
1128 1674 584.938354
1129 1674 584.938354
1130 1651 584.938354
1131 1698 584.938354
1132 1711 584.938354
1133 0 584.938354
1134 3220 584.938354
1135 3260 584.938354
1472 1739 590.879517
1473 1660 590.879517
1474 3242 590.879517
1475 3272 590.879517
1476 0 590.879517
1477 1595 590.879517
1478 1664 590.879517
1479 1 590.879517
1480 1656 590.879517
1481 3324 590.879517
1482 3241 590.879517
1483 3284 590.879517
1484 0 590.879517
1485 1652 590.879517
1486 3233 590.879517
1487 0 590.879517
1520 1676 590.879517
1521 1676 590.879517
1522 1665 590.879517
1523 1605 590.879517
1524 1658 590.879517
1525 2 590.879517
1526 1678 590.879517
1527 1660 590.879517
1528 0 590.879517
1529 1662 590.879517
1530 3278 590.879517
1531 3326 590.879517
1532 1652 590.879517
1533 0 590.879517
1534 0 590.879517
1535 1 590.879517
976 1 600.683167
977 1643 600.683167
978 1627 600.683167
979 1 600.683167
980 3361 600.683167
981 3253 600.683167
982 1630 600.683167
983 1634 600.683167
984 0 600.683167
985 1689 600.683167
986 1635 600.683167
987 1 600.683167
988 1639 600.683167
989 1661 600.683167
990 1 600.683167
991 4997 600.683167
1024 1654 600.683167
1025 1 600.683167
1026 1657 600.683167
1027 1632 600.683167
1028 1638 600.683167
1029 3313 600.683167
1030 1637 600.683167
1031 3310 600.683167
1032 1639 600.683167
1033 1664 600.683167
1034 1653 600.683167
1035 1666 600.683167
1036 1652 600.683167
1037 1657 600.683167
1038 1 600.683167
1039 1679 600.683167
2128 1654 625.128174
2129 1663 625.128174
2130 1678 625.128174
2131 1567 625.128174
2132 3327 625.128174
2133 3305 625.128174
2134 3306 625.128174
2135 1661 625.128174
2136 3271 625.128174
2137 1662 625.128174
2138 1618 625.128174
2139 1 625.128174
2140 3284 625.128174
2141 9 625.128174
2142 7 625.128174
2143 3341 625.128174
2176 3198 625.128174
2177 1595 625.128174
2178 1615 625.128174
2179 3351 625.128174
2180 0 625.128174
2181 3287 625.128174
2182 1641 625.128174
2183 0 625.128174
2184 5000 625.128174
2185 1663 625.128174
2186 0 625.128174
2187 1641 625.128174
2188 1594 625.128174
2189 0 625.128174
2190 0 625.128174
2191 1656 625.128174
602.790161
