474.043030
481.756165
466.656036
447.432831
474.622650
471.842072
471.455627
483.867737
487.636658
475.217468
1068.300415
1095.798096
1068.171753
1070.092896
1070.839600
1106.094482
1069.175659
1104.895264
1084.202271
1080.114502
1440.344482
1423.545532
1403.638306
1400.592896
1427.941528
1420.941284
1438.831787
1368.694214
1402.805298
1410.091797
1622.258911
1680.221313
1630.547119
1647.711426
1638.145752
1626.777710
1633.895874
1645.149902
1643.990601
1621.945435
1735.331421
1779.326050
1730.731323
1762.535156
1727.935669
1782.645142
1737.610596
1752.110840
1735.017700
1744.517700
1814.010864
1824.476685
1840.134644
1817.671509
1815.222290
1819.498169
1821.445679
1838.265747
1822.739746
1817.902588
1865.459961
1867.536377
1861.754028
1907.569336
1881.631226
1872.581909
1864.739746
1859.650391
1830.815918
1898.062378
1896.719727
1891.210449
1903.710938
1895.510010
1902.293213
1917.317749
1901.864746
1893.067505
1901.340454
1908.841064
1931.251099
1921.593994
1953.903076
1919.022949
1931.253052
1932.989258
1940.363892
1955.012451
1927.347534
1932.540894
1945.768555
1968.600586
1972.803467
1955.645630
1957.522461
1960.552612
1967.151245
1960.263794
1951.697510
1959.397339
