471.625244
474.920990
481.846222
457.277863
478.009094
481.491089
465.680969
463.568512
491.168915
466.043335
1081.804199
1063.986206
1086.342163
1070.057251
1068.625854
1071.436646
1074.135254
1081.103638
1081.122681
1086.210327
1418.977783
1426.758423
1405.725952
1380.292358
1436.062378
1396.385010
1415.186890
1382.552246
1404.693726
1411.430908
1659.240723
1628.946167
1641.302368
1638.733276
1607.515259
1630.085571
1607.963745
1686.826294
1655.053711
1620.071533
1733.909912
1753.752441
1764.943970
1767.822266
1742.818970
1751.591064
1763.193604
1755.768799
1766.804932
1760.246948
1826.257202
1837.200195
1805.365967
1793.511108
1833.656738
1806.082153
1822.567505
1826.516968
1834.588867
1806.363525
1856.128662
1864.974609
1845.602905
1854.338257
1878.420288
1897.042358
1913.845947
1870.035156
1880.241943
1881.266235
1901.966919
1894.307495
1917.074829
1909.462891
1893.315430
1896.389893
1912.350708
1894.951782
1903.437012
1896.475220
1935.904419
1924.494995
1926.197266
1910.251587
1943.592896
1904.207764
1926.447998
1941.877563
1927.528198
1928.651123
1937.975952
1927.524292
1973.487671
1931.907959
1935.849976
1941.833740
1952.575928
1938.535645
1962.738037
1939.864380
