195.583801
199.548996
199.644547
177.125122
213.117828
201.915619
199.654938
193.355942
190.686783
190.707550
350.395447
329.081909
342.127197
335.066742
338.138733
327.575653
335.868286
338.219269
334.821259
336.464722
390.086578
389.965546
381.514374
386.489929
373.405762
390.604462
388.317474
384.100891
395.219513
386.715546
418.118927
418.136017
401.946014
402.945587
405.422119
420.725800
408.442871
407.005463
408.762360
411.422852
417.346008
413.658661
415.903656
407.193420
417.870880
417.916321
414.211090
409.177795
413.554199
414.880798
410.899658
413.070526
414.601044
410.231293
410.548798
420.427155
405.662079
414.604034
411.428589
415.156677
411.129608
412.957397
413.094086
417.929413
413.636353
410.360077
407.796326
417.638794
417.352295
425.527191
409.071350
406.958099
411.001007
413.328064
415.386108
418.578766
417.055786
416.988098
414.891907
412.369995
406.990662
414.341705
412.033966
408.684601
416.473724
414.667328
405.727478
407.746155
407.064026
411.473938
411.204224
408.373413
408.382996
414.187225
403.268677
409.727966
406.944672
413.792786
415.263031
417.870239
